epoch,total_reserved_mb,total_committed_mb,java_heap_committed_mb,thread_committed_mb,code_committed_mb,gc_committed_mb,internal_committed_mb,other_committed_mb,rss_mb,non_nmt_estimated_mb
1780687509,4821.45,171.03,68.00,22.33,7.44,55.63,0.56,0.03,159.98,0.00
1780687516,4820.67,170.25,68.00,22.33,7.44,55.63,0.56,0.03,196.60,26.35
1780687522,4824.67,174.27,68.00,22.35,7.44,56.13,0.56,0.03,242.36,68.09
1780687528,4819.63,171.20,68.00,22.23,7.45,56.13,0.56,0.03,342.46,171.26
1780687535,4818.09,184.18,82.00,22.23,7.45,56.68,0.56,0.03,433.27,249.09
1780687541,4818.05,184.21,82.00,22.23,7.45,56.68,0.56,0.03,472.58,288.37
1780687548,4818.16,203.05,100.00,22.23,7.45,57.39,0.56,0.03,567.54,364.49
1780687554,4825.00,209.88,100.00,22.23,7.45,57.39,0.56,0.03,612.36,402.48
1780687561,4828.55,213.43,100.00,22.23,7.45,57.39,0.56,0.03,672.66,459.23
1780687567,4818.22,203.10,100.00,22.23,7.45,57.39,0.56,0.03,723.33,520.23
1780687574,4830.80,215.69,100.00,22.23,7.45,57.39,0.56,0.03,783.78,568.09
1780687580,4832.09,216.97,100.00,22.23,7.45,57.39,0.56,0.03,843.02,626.05
1780687587,4818.78,203.66,100.00,22.23,7.45,57.39,0.56,0.03,909.30,705.64
1780687593,4819.29,204.18,100.00,22.23,7.45,57.39,0.56,0.03,969.58,765.40
1780687600,4827.80,233.49,120.00,22.23,7.46,58.18,0.57,0.03,1025.05,791.56
1780687606,4828.76,234.51,120.00,22.23,7.47,58.18,0.57,0.03,1033.08,798.57
1780687612,4821.02,226.78,120.00,22.23,7.47,58.18,0.57,0.03,1033.17,806.39
1780687618,4821.04,226.80,120.00,22.23,7.47,58.18,0.57,0.03,1033.25,806.45
1780687624,4821.03,226.78,120.00,22.23,7.47,58.18,0.57,0.03,1033.38,806.60
1780687630,4821.04,226.80,120.00,22.23,7.47,58.18,0.57,0.03,1033.51,806.71
1780687636,4828.40,234.22,120.00,22.23,7.48,58.18,0.57,0.03,1033.65,799.43
1780687642,4821.05,226.86,120.00,22.23,7.48,58.18,0.57,0.03,1033.69,806.83
1780687648,4821.05,226.86,120.00,22.23,7.48,58.18,0.57,0.03,1033.70,806.84
1780687654,4821.03,226.85,120.00,22.23,7.48,58.18,0.57,0.03,1033.83,806.98
1780687660,4821.05,226.86,120.00,22.23,7.48,58.18,0.57,0.03,1033.87,807.01
1780687666,4828.43,234.25,120.00,22.24,7.48,58.18,0.57,0.03,1034.05,799.80
1780687672,4828.55,234.38,120.00,22.24,7.48,58.18,0.57,0.03,1034.11,799.73
1780687678,4821.06,226.88,120.00,22.24,7.48,58.18,0.57,0.03,1034.24,807.36
1780687684,4821.06,226.88,120.00,22.24,7.48,58.18,0.57,0.03,1034.36,807.48
1780687690,4821.06,226.88,120.00,22.24,7.48,58.18,0.57,0.03,1034.48,807.60
1780687695,4828.43,234.26,120.00,22.24,7.48,58.18,0.57,0.03,1034.60,800.34
1780687701,4828.75,234.57,120.00,22.24,7.48,58.18,0.57,0.03,1034.61,800.04
1780687707,4828.43,234.26,120.00,22.24,7.48,58.18,0.57,0.03,1034.68,800.42
1780687713,4821.06,226.89,120.00,22.24,7.48,58.18,0.57,0.03,1034.69,807.80
1780687720,4821.07,226.89,120.00,22.24,7.49,58.18,0.57,0.03,1034.74,807.85
1780687726,4828.53,234.36,120.00,22.24,7.49,58.18,0.57,0.03,1034.83,800.47
1780687732,4828.44,234.26,120.00,22.24,7.49,58.18,0.57,0.03,1034.84,800.58
1780687738,4828.44,234.26,120.00,22.24,7.49,58.18,0.57,0.03,1034.84,800.58
1780687744,4821.07,226.95,120.00,22.24,7.49,58.18,0.57,0.03,1034.85,807.90
1780687750,4821.07,226.95,120.00,22.24,7.49,58.18,0.57,0.03,1035.00,808.05
1780687756,4828.44,234.33,120.00,22.24,7.49,58.18,0.57,0.03,1035.11,800.78
1780687762,4828.79,234.68,120.00,22.24,7.49,58.18,0.57,0.03,1035.21,800.53
1780687768,4828.44,234.33,120.00,22.24,7.49,58.18,0.57,0.03,1035.29,800.96
1780687774,4821.07,226.96,120.00,22.24,7.49,58.18,0.57,0.03,1035.30,808.34
1780687780,4821.06,226.94,120.00,22.24,7.49,58.18,0.57,0.03,1035.70,808.76
1780687786,4828.51,234.40,120.00,22.24,7.49,58.18,0.57,0.03,1035.82,801.42
1780687792,4828.45,234.33,120.00,22.24,7.49,58.18,0.57,0.03,1035.86,801.53
1780687798,4828.64,234.52,120.00,22.24,7.49,58.18,0.57,0.03,1035.88,801.36
1780687804,4821.07,226.96,120.00,22.24,7.49,58.18,0.57,0.03,1035.91,808.95
1780687810,4828.45,234.33,120.00,22.24,7.49,58.18,0.57,0.03,1036.02,801.69
1780687816,4828.60,234.49,120.00,22.24,7.49,58.18,0.57,0.03,1036.29,801.80
1780687822,4828.70,234.59,120.00,22.24,7.49,58.18,0.57,0.03,1036.33,801.74
1780687828,4828.72,234.61,120.00,22.24,7.50,58.18,0.57,0.03,1036.45,801.84
1780687834,4821.08,226.97,120.00,22.24,7.50,58.18,0.57,0.03,1036.55,809.58
1780687840,4828.46,234.41,120.00,22.24,7.50,58.18,0.57,0.03,1036.73,802.32
1780687846,4828.44,234.39,120.00,22.24,7.50,58.18,0.57,0.03,1036.77,802.38
1780687852,4828.46,234.41,120.00,22.24,7.50,58.18,0.57,0.03,1036.77,802.36
1780687858,4828.46,234.41,120.00,22.24,7.50,58.18,0.57,0.03,1036.77,802.36
1780687864,4821.08,227.03,120.00,22.24,7.50,58.18,0.57,0.03,1036.77,809.74
1780687871,4828.65,234.60,120.00,22.24,7.50,58.18,0.57,0.03,1036.93,802.33
1780687877,4828.46,234.41,120.00,22.24,7.50,58.18,0.57,0.03,1036.94,802.53
1780687883,4828.65,234.60,120.00,22.24,7.50,58.18,0.57,0.03,1036.95,802.35
1780687889,4828.46,234.41,120.00,22.24,7.50,58.18,0.57,0.03,1036.99,802.58
1780687895,4821.09,227.04,120.00,22.24,7.50,58.18,0.57,0.03,1037.05,810.01
1780687901,4828.46,234.41,120.00,22.24,7.50,58.18,0.57,0.03,1037.12,802.71
1780687907,4828.46,234.41,120.00,22.24,7.50,58.18,0.57,0.03,1037.13,802.72
1780687913,4828.46,234.41,120.00,22.24,7.50,58.18,0.57,0.03,1037.13,802.72
1780687919,4828.65,234.60,120.00,22.24,7.50,58.18,0.57,0.03,1037.13,802.53
1780687925,4828.55,234.50,120.00,22.24,7.50,58.18,0.57,0.03,1037.19,802.69
1780687931,4828.47,234.42,120.00,22.24,7.50,58.18,0.58,0.03,1037.47,803.05
1780687937,4821.41,227.36,120.00,22.24,7.50,58.18,0.58,0.03,1037.61,810.25
1780687943,4821.09,227.04,120.00,22.24,7.50,58.18,0.58,0.03,1037.69,810.65
1780687949,4821.09,227.04,120.00,22.24,7.50,58.18,0.58,0.03,1037.77,810.73
1780687955,4821.09,227.04,120.00,22.24,7.50,58.18,0.58,0.03,1037.95,810.91
1780687960,4821.09,227.04,120.00,22.24,7.50,58.18,0.58,0.03,1037.97,810.93
1780687966,4821.09,227.04,120.00,22.24,7.50,58.18,0.58,0.03,1037.98,810.94
1780687972,4821.09,227.04,120.00,22.24,7.50,58.18,0.58,0.03,1037.98,810.94
1780687979,4821.09,227.04,120.00,22.24,7.50,58.18,0.58,0.03,1037.98,810.94
1780687984,4821.09,227.04,120.00,22.24,7.50,58.19,0.58,0.03,1038.00,810.96
1780687990,4828.47,234.42,120.00,22.24,7.50,58.19,0.58,0.03,1038.02,803.60
1780687997,4821.09,227.04,120.00,22.24,7.50,58.19,0.58,0.03,1038.02,810.98
1780688003,4821.10,227.04,120.00,22.24,7.50,58.19,0.58,0.03,1038.03,810.99
1780688009,4821.10,227.05,120.00,22.24,7.51,58.19,0.58,0.03,1038.05,811.00
1780688015,4828.47,234.42,120.00,22.24,7.51,58.19,0.58,0.03,1038.12,803.70
1780688021,4821.10,227.05,120.00,22.24,7.51,58.19,0.58,0.03,1038.12,811.07
1780688027,4821.10,227.05,120.00,22.24,7.51,58.19,0.58,0.03,1038.14,811.09
1780688033,4821.10,227.05,120.00,22.24,7.51,58.19,0.58,0.03,1038.16,811.11
1780688039,4821.10,227.05,120.00,22.24,7.51,58.19,0.58,0.03,1038.16,811.11
1780688045,4828.47,234.42,120.00,22.24,7.51,58.19,0.58,0.03,1038.24,803.82
1780688051,4828.47,234.42,120.00,22.24,7.51,58.19,0.58,0.03,1038.24,803.82
1780688057,4821.10,227.05,120.00,22.24,7.51,58.19,0.58,0.03,1038.24,811.19
1780688063,4821.10,227.05,120.00,22.24,7.51,58.19,0.58,0.03,1038.25,811.20
1780688069,4821.10,227.05,120.00,22.24,7.51,58.19,0.58,0.03,1038.26,811.21
1780688075,4828.66,234.61,120.00,22.24,7.51,58.19,0.58,0.03,1038.26,803.65
1780688081,4828.47,234.42,120.00,22.24,7.51,58.19,0.58,0.03,1038.35,803.93
1780688087,4821.10,227.05,120.00,22.24,7.51,58.19,0.58,0.03,1038.36,811.31
1780688094,4821.10,227.05,120.00,22.24,7.51,58.19,0.58,0.03,1038.37,811.32
1780688099,4821.10,227.05,120.00,22.24,7.51,58.19,0.58,0.03,1038.37,811.32
1780688106,4828.47,234.42,120.00,22.24,7.51,58.19,0.58,0.03,1038.37,803.95
1780688112,4828.47,234.42,120.00,22.24,7.51,58.19,0.58,0.03,1038.37,803.95
1780688118,4821.10,227.05,120.00,22.24,7.51,58.19,0.58,0.03,1038.37,811.32
1780688124,4821.10,227.05,120.00,22.24,7.51,58.19,0.58,0.03,1038.38,811.33
1780688130,4821.10,227.05,120.00,22.24,7.51,58.19,0.58,0.03,1039.04,811.99
1780688136,4828.48,234.43,120.00,22.24,7.51,58.19,0.58,0.03,1039.32,804.89
1780688142,4828.48,234.43,120.00,22.24,7.51,58.19,0.58,0.03,1039.38,804.95
1780688148,4821.11,227.06,120.00,22.24,7.51,58.19,0.58,0.03,1039.45,812.39
1780688154,4821.11,227.06,120.00,22.24,7.51,58.19,0.58,0.03,1039.48,812.42
1780688160,4821.11,227.06,120.00,22.24,7.51,58.19,0.58,0.03,1049.90,822.84
1780688166,4828.49,234.44,120.00,22.24,7.52,58.19,0.58,0.03,1042.22,807.78
1780688172,4828.64,234.59,120.00,22.24,7.52,58.19,0.58,0.03,1042.27,807.68
1780688178,4821.11,227.06,120.00,22.24,7.52,58.19,0.58,0.03,1042.33,815.27
1780688184,4821.11,227.06,120.00,22.24,7.52,58.19,0.58,0.03,1042.36,815.30
1780688190,4828.49,234.44,120.00,22.24,7.52,58.19,0.58,0.03,1042.45,808.01
1780688196,4828.49,234.44,120.00,22.24,7.52,58.19,0.58,0.03,1042.45,808.01
1780688202,4828.49,234.44,120.00,22.24,7.52,58.19,0.58,0.03,1042.45,808.01
1780688208,4821.12,227.06,120.00,22.24,7.52,58.19,0.58,0.03,1042.45,815.39
1780688214,4821.12,227.06,120.00,22.24,7.52,58.19,0.58,0.03,1042.47,815.41
1780688220,4821.12,227.06,120.00,22.24,7.52,58.19,0.58,0.03,1042.50,815.44
1780688226,4828.49,234.44,120.00,22.24,7.52,58.19,0.58,0.03,1042.53,808.09
1780688232,4828.49,234.44,120.00,22.24,7.52,58.19,0.58,0.03,1042.54,808.10
1780688238,4828.49,234.44,120.00,22.24,7.52,58.19,0.58,0.03,1042.55,808.11
1780688244,4821.12,227.07,120.00,22.24,7.52,58.19,0.58,0.03,1042.57,815.50
1780688250,4828.90,234.85,120.00,22.30,7.52,58.19,0.65,0.03,1042.66,807.81
1780688256,4828.49,234.44,120.00,22.24,7.52,58.19,0.58,0.03,1042.67,808.23
1780688262,4828.49,234.44,120.00,22.24,7.52,58.19,0.58,0.03,1042.67,808.23
1780688268,4828.49,234.44,120.00,22.24,7.52,58.19,0.58,0.03,1042.67,808.23
1780688274,4821.12,227.07,120.00,22.24,7.52,58.19,0.58,0.03,1042.68,815.61
1780688280,4828.62,234.57,120.00,22.30,7.52,58.19,0.65,0.03,1042.68,808.11
1780688286,4828.68,234.63,120.00,22.24,7.52,58.19,0.58,0.03,1042.71,808.08
1780688292,4828.49,234.44,120.00,22.24,7.52,58.19,0.58,0.03,1042.77,808.33
1780688298,4828.49,234.44,120.00,22.24,7.52,58.19,0.58,0.03,1042.77,808.33
1780688304,4821.12,227.07,120.00,22.24,7.52,58.19,0.58,0.03,1042.77,815.70
1780688310,4828.49,234.44,120.00,22.24,7.52,58.19,0.58,0.03,1042.77,808.33
1780688316,4828.49,234.44,120.00,22.24,7.52,58.19,0.58,0.03,1042.77,808.33
1780688322,4828.68,234.63,120.00,22.24,7.52,58.19,0.58,0.03,1042.77,808.14
1780688328,4828.49,234.44,120.00,22.24,7.52,58.19,0.58,0.03,1042.86,808.42
1780688334,4821.12,227.07,120.00,22.24,7.52,58.19,0.58,0.03,1042.86,815.79
1780688341,4828.68,234.63,120.00,22.24,7.52,58.19,0.58,0.03,1042.89,808.26
1780688347,4828.77,234.72,120.00,22.24,7.52,58.19,0.58,0.03,1042.91,808.19
1780688353,4828.49,234.44,120.00,22.24,7.52,58.19,0.58,0.03,1042.97,808.53
1780688359,4828.49,234.44,120.00,22.24,7.52,58.19,0.58,0.03,1042.99,808.55
1780688365,4821.12,227.07,120.00,22.24,7.52,58.19,0.58,0.03,1043.01,815.94
1780688371,4828.49,234.44,120.00,22.24,7.52,58.19,0.58,0.03,1043.01,808.57
1780688377,4828.49,234.44,120.00,22.24,7.52,58.19,0.58,0.03,1043.01,808.57
1780688383,4828.49,234.44,120.00,22.24,7.52,58.19,0.58,0.03,1043.01,808.57
1780688389,4828.49,234.44,120.00,22.24,7.52,58.19,0.58,0.03,1043.01,808.57
1780688395,4828.68,234.63,120.00,22.24,7.52,58.19,0.58,0.03,1043.16,808.53
1780688401,4828.49,234.44,120.00,22.24,7.52,58.19,0.58,0.03,1043.29,808.85
1780688407,4821.10,227.05,120.00,22.24,7.52,58.19,0.58,0.03,1043.34,816.29
1780688413,4821.12,227.07,120.00,22.24,7.52,58.19,0.58,0.03,1043.37,816.30
1780688420,4821.12,227.07,120.00,22.24,7.52,58.19,0.58,0.03,1043.39,816.32
1780688425,4821.12,227.07,120.00,22.24,7.52,58.19,0.58,0.03,1043.41,816.34
1780688432,4821.12,227.07,120.00,22.24,7.52,58.19,0.58,0.03,1043.41,816.34
1780688655,4826.89,3291.93,3072.00,22.25,7.44,173.76,0.64,0.03,268.54,0.00,0.00,0.36,1.03
1780688679,4827.30,3292.41,3072.00,22.23,7.44,173.76,0.64,0.03,607.03,0.00,0.00,0.29,0.96
1780688693,4827.46,3292.57,3072.00,22.23,7.44,173.76,0.64,0.03,861.59,0.00,0.00,0.52,1.19
1780688704,4827.37,3292.54,3072.00,22.23,7.44,173.76,0.64,0.03,1163.88,0.00,0.00,0.03,0.70
1780688718,4828.02,3293.19,3072.00,22.29,7.44,173.76,0.74,0.03,1545.77,0.00,0.00,0.17,0.94
1780688730,4828.04,3293.21,3072.00,22.23,7.44,173.77,0.76,0.03,1949.89,0.00,0.00,0.05,0.84
1780688745,4830.51,3295.69,3072.00,22.23,7.44,173.77,0.76,0.03,1953.99,0.00,0.00,0.02,0.81
1780688759,4832.12,3297.29,3072.00,22.23,7.44,173.77,0.76,0.03,1980.57,0.00,0.00,0.05,0.84
1780688768,4833.84,3299.02,3072.00,22.23,7.44,173.78,0.76,0.03,2027.72,0.00,0.00,0.34,1.13
1780688779,4838.97,3304.15,3072.00,22.23,7.44,173.78,0.76,0.03,2044.37,0.00,0.00,2.36,3.15
1780688787,4840.30,3305.48,3072.00,22.23,7.45,173.78,0.76,0.03,2058.77,0.00,0.00,6.53,7.32
1780688798,4824.44,3291.53,3072.00,22.15,7.45,173.78,0.76,0.03,2070.06,0.00,0.00,0.20,0.99
1780688809,4834.55,3301.64,3072.00,22.15,7.45,173.78,0.76,0.03,2086.10,0.00,0.00,10.28,11.07
1780688819,4824.46,3291.55,3072.00,22.15,7.45,173.78,0.76,0.03,2096.45,0.00,0.00,0.20,0.99
1780688828,4834.94,3302.03,3072.00,22.15,7.46,173.78,0.76,0.03,2098.08,0.00,0.00,10.60,11.39
1780688834,4824.52,3291.80,3072.00,22.15,7.48,173.79,0.77,0.03,2101.38,0.00,0.00,0.20,1.00
1780688840,4824.52,3291.80,3072.00,22.15,7.48,173.79,0.77,0.03,2101.39,0.00,0.00,0.20,1.00
1780688846,4824.52,3291.80,3072.00,22.15,7.48,173.79,0.77,0.03,2101.41,0.00,0.00,0.20,1.00
1780688852,4824.52,3291.80,3072.00,22.15,7.48,173.79,0.77,0.03,2101.46,0.00,0.00,0.20,1.00
1780688858,4832.03,3299.38,3072.00,22.16,7.49,173.79,0.77,0.03,2101.52,0.00,0.00,7.69,8.49
1780688864,4824.53,3291.88,3072.00,22.16,7.49,173.79,0.77,0.03,2101.77,0.00,0.00,0.20,1.00
1780688870,4824.53,3291.88,3072.00,22.16,7.49,173.79,0.77,0.03,2101.78,0.00,0.00,0.20,1.00
1780688876,4824.53,3291.88,3072.00,22.16,7.49,173.79,0.77,0.03,2101.78,0.00,0.00,0.20,1.00
1780688882,4824.53,3291.88,3072.00,22.16,7.49,173.79,0.77,0.03,2101.79,0.00,0.00,0.20,1.00
1780688888,4831.90,3299.25,3072.00,22.16,7.49,173.79,0.77,0.03,2102.00,0.00,0.00,7.57,8.37
1780688894,4824.53,3291.88,3072.00,22.16,7.49,173.79,0.77,0.03,2102.02,0.00,0.00,0.20,1.00
1780688900,4824.53,3291.88,3072.00,22.16,7.49,173.79,0.77,0.03,2102.05,0.00,0.00,0.20,1.00
1780688906,4824.53,3291.88,3072.00,22.16,7.49,173.79,0.77,0.03,2102.09,0.00,0.00,0.20,1.00
1780688913,4831.91,3299.26,3072.00,22.16,7.49,173.79,0.77,0.03,2102.11,0.00,0.00,7.57,8.37
1780688919,4831.97,3299.32,3072.00,22.16,7.49,173.79,0.77,0.03,2102.12,0.00,0.00,7.63,8.43
1780688925,4824.53,3291.88,3072.00,22.16,7.49,173.79,0.77,0.03,2102.15,0.00,0.00,0.20,1.00
1780688931,4824.52,3291.87,3072.00,22.16,7.49,173.79,0.77,0.03,2102.54,0.00,0.00,0.20,1.00
1780688937,4824.53,3291.88,3072.00,22.16,7.49,173.79,0.77,0.03,2102.62,0.00,0.00,0.20,1.00
1780688943,4832.03,3299.38,3072.00,22.16,7.49,173.79,0.77,0.03,2102.91,0.00,0.00,7.69,8.49
1780688949,4831.91,3299.26,3072.00,22.16,7.49,173.79,0.77,0.03,2102.95,0.00,0.00,7.57,8.37
1780688955,4824.53,3291.89,3072.00,22.16,7.49,173.79,0.77,0.03,2102.96,0.00,0.00,0.20,1.00
1780688961,4824.53,3291.89,3072.00,22.16,7.49,173.79,0.77,0.03,2102.98,0.00,0.00,0.20,1.00
1780688967,4824.54,3291.89,3072.00,22.16,7.50,173.79,0.77,0.03,2103.21,0.00,0.00,0.20,1.00
1780688973,4831.97,3299.33,3072.00,22.16,7.50,173.79,0.77,0.03,2103.34,0.00,0.00,7.63,8.43
1780688979,4832.13,3299.55,3072.00,22.16,7.50,173.79,0.77,0.03,2103.40,0.00,0.00,7.79,8.59
1780688985,4824.54,3291.96,3072.00,22.16,7.50,173.79,0.77,0.03,2103.52,0.00,0.00,0.20,1.00
1780688991,4824.54,3291.96,3072.00,22.16,7.50,173.79,0.77,0.03,2103.54,0.00,0.00,0.20,1.00
1780688998,4831.91,3299.33,3072.00,22.16,7.50,173.79,0.77,0.03,2103.54,0.00,0.00,7.57,8.37
1780689004,4831.91,3299.33,3072.00,22.16,7.50,173.79,0.77,0.03,2103.54,0.00,0.00,7.57,8.37
1780689010,4832.06,3299.47,3072.00,22.16,7.50,173.79,0.77,0.03,2103.56,0.00,0.00,7.72,8.52
1780689016,4824.54,3291.96,3072.00,22.16,7.50,173.79,0.77,0.03,2103.68,0.00,0.00,0.20,1.00
1780689022,4824.54,3291.96,3072.00,22.16,7.50,173.79,0.77,0.03,2103.74,0.00,0.00,0.20,1.00
1780689028,4831.92,3299.33,3072.00,22.16,7.50,173.79,0.77,0.03,2103.82,0.00,0.00,7.57,8.37
1780689034,4831.92,3299.33,3072.00,22.16,7.50,173.79,0.77,0.03,2103.84,0.00,0.00,7.57,8.37
1780689040,4831.92,3299.33,3072.00,22.16,7.50,173.79,0.77,0.03,2103.84,0.00,0.00,7.57,8.37
1780689046,4824.55,3291.96,3072.00,22.16,7.50,173.79,0.77,0.03,2103.86,0.00,0.00,0.20,1.00
1780689052,4824.55,3291.96,3072.00,22.16,7.50,173.79,0.77,0.03,2103.86,0.00,0.00,0.20,1.00
1780689058,4831.92,3299.33,3072.00,22.16,7.50,173.79,0.77,0.03,2103.93,0.00,0.00,7.57,8.37
1780689064,4831.92,3299.33,3072.00,22.16,7.50,173.79,0.77,0.03,2103.95,0.00,0.00,7.57,8.37
1780689070,4832.14,3299.56,3072.00,22.16,7.50,173.79,0.77,0.03,2103.99,0.00,0.00,7.79,8.59
1780689077,4824.55,3291.97,3072.00,22.16,7.50,173.79,0.77,0.03,2104.11,0.00,0.00,0.20,1.00
1780689083,4832.08,3299.50,3072.00,22.16,7.51,173.79,0.77,0.03,2104.36,0.00,0.00,7.72,8.52
1780689089,4831.99,3299.41,3072.00,22.16,7.51,173.79,0.77,0.03,2104.41,0.00,0.00,7.63,8.43
1780689095,4831.93,3299.34,3072.00,22.16,7.51,173.79,0.77,0.03,2104.44,0.00,0.00,7.57,8.37
1780689101,4824.56,3291.97,3072.00,22.16,7.51,173.79,0.77,0.03,2104.58,0.00,0.00,0.20,1.00
1780689107,4831.93,3299.34,3072.00,22.16,7.51,173.79,0.77,0.03,2104.60,0.00,0.00,7.57,8.37
1780689114,4831.93,3299.34,3072.00,22.16,7.51,173.79,0.77,0.03,2104.60,0.00,0.00,7.57,8.37
1780689120,4831.93,3299.34,3072.00,22.16,7.51,173.79,0.77,0.03,2104.60,0.00,0.00,7.57,8.37
1780689126,4832.05,3299.47,3072.00,22.16,7.51,173.79,0.77,0.03,2104.61,0.00,0.00,7.69,8.49
1780689132,4824.56,3291.97,3072.00,22.16,7.51,173.79,0.77,0.03,2104.61,0.00,0.00,0.20,1.00
1780689138,4832.09,3299.50,3072.00,22.16,7.51,173.79,0.77,0.03,2104.61,0.00,0.00,7.72,8.52
1780689144,4832.21,3299.62,3072.00,22.16,7.51,173.79,0.77,0.03,2104.64,0.00,0.00,7.85,8.65
1780689150,4831.93,3299.34,3072.00,22.16,7.51,173.79,0.77,0.03,2104.64,0.00,0.00,7.57,8.37
1780689156,4831.93,3299.34,3072.00,22.16,7.51,173.79,0.77,0.03,2104.65,0.00,0.00,7.57,8.37
1780689162,4824.56,3291.97,3072.00,22.16,7.51,173.79,0.77,0.03,2104.70,0.00,0.00,0.20,1.00
1780689168,4831.93,3299.34,3072.00,22.16,7.51,173.79,0.77,0.03,2104.72,0.00,0.00,7.57,8.37
1780689174,4831.93,3299.34,3072.00,22.16,7.51,173.79,0.77,0.03,2104.73,0.00,0.00,7.57,8.37
1780689180,4832.09,3299.50,3072.00,22.16,7.51,173.79,0.77,0.03,2104.74,0.00,0.00,7.72,8.52
1780689186,4831.93,3299.35,3072.00,22.16,7.51,173.79,0.77,0.03,2104.86,0.00,0.00,7.57,8.37
1780689192,4831.93,3299.35,3072.00,22.16,7.51,173.79,0.77,0.03,2104.86,0.00,0.00,7.57,8.37
1780689198,4831.93,3299.35,3072.00,22.16,7.51,173.79,0.77,0.03,2104.88,0.00,0.00,7.57,8.37
1780689204,4831.93,3299.35,3072.00,22.16,7.51,173.79,0.77,0.03,2104.94,0.00,0.00,7.57,8.37
1780689210,4824.56,3291.97,3072.00,22.16,7.51,173.79,0.77,0.03,2104.95,0.00,0.00,0.20,1.00
1780689216,4824.56,3291.97,3072.00,22.16,7.51,173.79,0.77,0.03,2104.95,0.00,0.00,0.20,1.00
1780689222,4824.56,3291.97,3072.00,22.16,7.51,173.79,0.77,0.03,2105.06,0.00,0.00,0.20,1.00
1780689228,4824.56,3291.97,3072.00,22.16,7.51,173.79,0.77,0.03,2105.07,0.00,0.00,0.20,1.00
1780689234,4824.56,3291.97,3072.00,22.16,7.51,173.79,0.77,0.03,2105.07,0.00,0.00,0.20,1.00
1780689240,4824.56,3291.97,3072.00,22.16,7.51,173.79,0.77,0.03,2105.08,0.00,0.00,0.20,1.00
1780689246,4824.56,3291.97,3072.00,22.16,7.51,173.79,0.77,0.03,2105.09,0.00,0.00,0.20,1.00
1780689252,4824.56,3291.97,3072.00,22.16,7.51,173.79,0.77,0.03,2105.09,0.00,0.00,0.20,1.00
1780689258,4824.56,3291.97,3072.00,22.16,7.51,173.79,0.77,0.03,2105.09,0.00,0.00,0.20,1.00
1780689264,4824.56,3291.97,3072.00,22.16,7.51,173.79,0.77,0.03,2105.09,0.00,0.00,0.20,1.00
1780689270,4824.56,3291.97,3072.00,22.16,7.51,173.79,0.77,0.03,2105.09,0.00,0.00,0.20,1.00
1780689276,4824.56,3291.97,3072.00,22.16,7.51,173.79,0.77,0.03,2105.13,0.00,0.00,0.20,1.00
1780689282,4832.13,3299.55,3072.00,22.16,7.52,173.79,0.77,0.03,2105.90,0.00,0.00,7.75,8.55
1780689288,4824.57,3291.99,3072.00,22.16,7.52,173.79,0.77,0.03,2105.99,0.00,0.00,0.20,1.00
1780689294,4824.57,3291.99,3072.00,22.16,7.52,173.79,0.77,0.03,2106.04,0.00,0.00,0.20,1.00
1780689301,4824.57,3291.99,3072.00,22.16,7.52,173.79,0.77,0.03,2106.04,0.00,0.00,0.20,1.00
1780689307,4824.58,3292.00,3072.00,22.16,7.52,173.79,0.77,0.03,2107.00,0.00,0.00,0.20,1.00
1780689313,4831.95,3299.37,3072.00,22.16,7.52,173.79,0.77,0.03,2107.22,0.00,0.00,7.57,8.37
1780689319,4824.58,3292.00,3072.00,22.16,7.52,173.79,0.77,0.03,2107.22,0.00,0.00,0.20,1.00
1780689325,4824.58,3292.00,3072.00,22.16,7.52,173.79,0.77,0.03,2107.23,0.00,0.00,0.20,1.00
1780689331,4824.58,3292.00,3072.00,22.16,7.52,173.79,0.77,0.03,2107.28,0.00,0.00,0.20,1.00
1780689337,4824.58,3292.00,3072.00,22.16,7.52,173.79,0.77,0.03,2107.28,0.00,0.00,0.20,1.00
1780689343,4831.95,3299.37,3072.00,22.16,7.52,173.79,0.77,0.03,2107.28,0.00,0.00,7.57,8.37
1780689349,4824.58,3292.00,3072.00,22.16,7.52,173.79,0.77,0.03,2107.28,0.00,0.00,0.20,1.00
1780689355,4824.58,3292.00,3072.00,22.16,7.52,173.79,0.77,0.03,2107.30,0.00,0.00,0.20,1.00
1780689361,4824.58,3292.00,3072.00,22.16,7.52,173.79,0.77,0.03,2107.35,0.00,0.00,0.20,1.00
1780689368,4831.95,3299.37,3072.00,22.16,7.52,173.79,0.77,0.03,2107.36,0.00,0.00,7.57,8.37
1780689374,4831.95,3299.37,3072.00,22.16,7.53,173.79,0.77,0.03,2107.37,0.00,0.00,7.57,8.37
1780689380,4824.58,3292.00,3072.00,22.16,7.53,173.79,0.77,0.03,2107.38,0.00,0.00,0.20,1.00
1780689386,4824.58,3292.00,3072.00,22.16,7.53,173.79,0.77,0.03,2107.38,0.00,0.00,0.20,1.00
1780689392,4824.58,3292.00,3072.00,22.16,7.53,173.79,0.77,0.03,2107.39,0.00,0.00,0.20,1.00
1780689398,4831.95,3299.37,3072.00,22.16,7.53,173.79,0.77,0.03,2107.46,0.00,0.00,7.57,8.37
1780689404,4831.95,3299.37,3072.00,22.16,7.53,173.79,0.77,0.03,2107.46,0.00,0.00,7.57,8.37
1780689410,4824.58,3292.00,3072.00,22.16,7.53,173.79,0.77,0.03,2107.46,0.00,0.00,0.20,1.00
1780689416,4824.58,3292.00,3072.00,22.16,7.53,173.79,0.77,0.03,2107.46,0.00,0.00,0.20,1.00
1780689422,4824.59,3292.01,3072.00,22.16,7.53,173.79,0.77,0.03,2107.73,0.00,0.00,0.20,1.00
1780689428,4832.15,3299.57,3072.00,22.16,7.53,173.79,0.77,0.03,2107.78,0.00,0.00,7.75,8.55
1780689434,4831.97,3299.38,3072.00,22.16,7.53,173.79,0.77,0.03,2107.84,0.00,0.00,7.57,8.37
1780689440,4824.59,3292.01,3072.00,22.16,7.53,173.79,0.77,0.03,2107.84,0.00,0.00,0.20,1.00
1780689447,4824.59,3292.01,3072.00,22.16,7.53,173.79,0.77,0.03,2107.84,0.00,0.00,0.20,1.00
1780689453,4831.97,3299.38,3072.00,22.16,7.53,173.79,0.77,0.03,2107.84,0.00,0.00,7.57,8.37
1780689459,4831.97,3299.38,3072.00,22.16,7.53,173.79,0.77,0.03,2107.84,0.00,0.00,7.57,8.37
1780689465,4824.59,3292.01,3072.00,22.16,7.53,173.79,0.77,0.03,2107.87,0.00,0.00,0.20,1.00
1780689471,4824.59,3292.01,3072.00,22.16,7.53,173.79,0.77,0.03,2107.95,0.00,0.00,0.20,1.00
1780689477,4824.59,3292.01,3072.00,22.16,7.53,173.79,0.77,0.03,2107.95,0.00,0.00,0.20,1.00
1780689484,4832.16,3299.57,3072.00,22.16,7.53,173.79,0.77,0.03,2107.98,0.00,0.00,7.75,8.55
1780689490,4831.97,3299.39,3072.00,22.16,7.53,173.79,0.77,0.03,2108.00,0.00,0.00,7.57,8.37
1780689496,4824.59,3292.01,3072.00,22.16,7.53,173.79,0.77,0.03,2108.01,0.00,0.00,0.20,1.00
1780689501,4824.59,3292.01,3072.00,22.16,7.53,173.79,0.77,0.03,2108.01,0.00,0.00,0.20,1.00
1780689508,4831.97,3299.39,3072.00,22.16,7.53,173.79,0.77,0.03,2108.05,0.00,0.00,7.57,8.37
1780689514,4831.97,3299.39,3072.00,22.16,7.53,173.79,0.77,0.03,2108.05,0.00,0.00,7.57,8.37
1780689520,4824.60,3292.01,3072.00,22.16,7.53,173.79,0.77,0.03,2108.05,0.00,0.00,0.20,1.00
1780689526,4824.60,3292.01,3072.00,22.16,7.53,173.79,0.77,0.03,2108.11,0.00,0.00,0.20,1.00
1780689532,4831.97,3299.39,3072.00,22.16,7.53,173.79,0.77,0.03,2108.16,0.00,0.00,7.57,8.37
1780689538,4831.97,3299.39,3072.00,22.16,7.53,173.79,0.77,0.03,2108.16,0.00,0.00,7.57,8.37
1780689545,4831.97,3299.39,3072.00,22.16,7.53,173.79,0.77,0.03,2108.16,0.00,0.00,7.57,8.37
1780689551,4832.11,3299.53,3072.00,22.16,7.53,173.79,0.77,0.03,2108.17,0.00,0.00,7.72,8.52
1780689557,4824.60,3292.01,3072.00,22.16,7.53,173.79,0.77,0.03,2108.19,0.00,0.00,0.20,1.00
1780689563,4831.97,3299.39,3072.00,22.16,7.53,173.79,0.77,0.03,2108.29,0.00,0.00,7.57,8.37
1780689569,4831.97,3299.39,3072.00,22.16,7.53,173.79,0.77,0.03,2108.29,0.00,0.00,7.57,8.37
1780689575,4831.97,3299.39,3072.00,22.16,7.53,173.79,0.77,0.03,2108.29,0.00,0.00,7.57,8.37
1780689581,4831.97,3299.39,3072.00,22.16,7.53,173.79,0.77,0.03,2108.29,0.00,0.00,7.57,8.37
1780689587,4824.60,3292.01,3072.00,22.16,7.53,173.79,0.77,0.03,2108.29,0.00,0.00,0.20,1.00
1780689593,4831.97,3299.39,3072.00,22.16,7.53,173.79,0.77,0.03,2108.29,0.00,0.00,7.57,8.37
1780689599,4832.13,3299.55,3072.00,22.16,7.53,173.79,0.77,0.03,2108.38,0.00,0.00,7.72,8.52
1780689605,4832.22,3299.70,3072.00,22.16,7.53,173.79,0.77,0.03,2108.54,0.00,0.00,7.82,8.62
1780689611,4831.97,3299.45,3072.00,22.16,7.53,173.79,0.77,0.03,2108.70,0.00,0.00,7.57,8.37
1780689617,4824.60,3292.08,3072.00,22.16,7.53,173.79,0.77,0.03,2108.71,0.00,0.00,0.20,1.00
1780689623,4831.97,3299.45,3072.00,22.16,7.53,173.79,0.77,0.03,2108.71,0.00,0.00,7.57,8.37
1780689629,4832.32,3299.80,3072.00,22.16,7.53,173.79,0.77,0.03,2108.71,0.00,0.00,7.91,8.71
1780689635,4831.97,3299.45,3072.00,22.16,7.53,173.79,0.77,0.03,2108.89,0.00,0.00,7.57,8.37
1780689641,4831.97,3299.45,3072.00,22.16,7.53,173.79,0.77,0.03,2108.95,0.00,0.00,7.57,8.37
1780689647,4824.60,3292.08,3072.00,22.16,7.53,173.79,0.77,0.03,2108.95,0.00,0.00,0.20,1.00
1780689654,4832.13,3299.61,3072.00,22.16,7.53,173.79,0.77,0.03,2108.96,0.00,0.00,7.72,8.52
1780689660,4831.97,3299.46,3072.00,22.16,7.53,173.79,0.77,0.03,2109.01,0.00,0.00,7.57,8.37
1780689666,4831.97,3299.46,3072.00,22.16,7.53,173.79,0.77,0.03,2109.01,0.00,0.00,7.57,8.37
1780689673,4831.97,3299.46,3072.00,22.16,7.53,173.79,0.77,0.03,2109.01,0.00,0.00,7.57,8.37
1780689679,4831.97,3299.46,3072.00,22.16,7.53,173.79,0.77,0.03,2109.01,0.00,0.00,7.57,8.37
1780689685,4824.60,3292.08,3072.00,22.16,7.53,173.79,0.77,0.03,2109.01,0.00,0.00,0.20,1.00
1780689691,4833.88,3301.37,3072.00,22.16,7.53,173.79,0.77,0.03,2115.70,0.00,0.00,9.47,10.27
1780689697,4824.61,3292.09,3072.00,22.16,7.53,173.79,0.77,0.03,2115.82,0.00,0.00,0.20,1.00
1780689703,4824.61,3292.09,3072.00,22.16,7.54,173.79,0.77,0.03,2115.83,0.00,0.00,0.20,1.00
1780689709,4824.61,3292.09,3072.00,22.16,7.54,173.79,0.77,0.03,2115.89,0.00,0.00,0.20,1.00
1780689715,4824.61,3292.09,3072.00,22.16,7.54,173.79,0.77,0.03,2115.91,0.00,0.00,0.20,1.00
1780689721,4824.61,3292.09,3072.00,22.16,7.54,173.79,0.77,0.03,2116.11,0.00,0.00,0.20,1.00
1780689727,4824.61,3292.09,3072.00,22.16,7.54,173.79,0.77,0.03,2116.35,0.00,0.00,0.20,1.00
1780689734,4824.61,3292.09,3072.00,22.16,7.54,173.79,0.77,0.03,2116.41,0.00,0.00,0.20,1.00
1780689740,4824.61,3292.09,3072.00,22.16,7.54,173.79,0.77,0.03,2116.42,0.00,0.00,0.20,1.00
1780689746,4824.61,3292.09,3072.00,22.16,7.54,173.79,0.77,0.03,2116.43,0.00,0.00,0.20,1.00
1780689752,4824.61,3292.09,3072.00,22.16,7.54,173.79,0.77,0.03,2116.43,0.00,0.00,0.20,1.00
1780689758,4831.99,3299.47,3072.00,22.16,7.54,173.79,0.77,0.03,2116.53,0.00,0.00,7.57,8.37
1780689764,4824.62,3292.10,3072.00,22.16,7.54,173.79,0.77,0.03,2116.53,0.00,0.00,0.20,1.00
1780689770,4824.62,3292.10,3072.00,22.16,7.54,173.79,0.77,0.03,2116.53,0.00,0.00,0.20,1.00
1780689776,4824.62,3292.10,3072.00,22.16,7.54,173.79,0.77,0.03,2116.53,0.00,0.00,0.20,1.00
1780689783,4831.99,3299.47,3072.00,22.16,7.54,173.79,0.77,0.03,2116.53,0.00,0.00,7.57,8.37
1780689906,4826.96,3292.25,3072.00,22.53,7.44,173.75,0.66,0.03,412.66,0.00,0.00,0.05,0.74
1780689926,4835.92,3301.41,3072.00,22.55,7.44,173.76,0.66,0.03,740.86,0.00,0.00,0.48,1.17
1780689938,4837.67,3303.16,3072.00,22.55,7.44,173.76,0.66,0.03,961.18,0.00,0.00,2.99,3.68
1780689948,4838.43,3303.92,3072.00,22.55,7.45,173.76,0.66,0.03,1160.14,0.00,0.00,0.03,0.72
1780689957,4832.81,3298.31,3072.00,22.56,7.45,173.76,0.66,0.03,1574.24,0.00,0.00,0.19,0.88
1780689968,4837.58,3305.00,3072.00,22.47,7.46,173.77,0.79,0.03,1986.50,0.00,0.00,10.47,11.29
1780689979,4827.28,3294.70,3072.00,22.47,7.46,173.77,0.79,0.03,2051.48,0.00,0.00,0.20,1.02
1780689992,4827.41,3294.83,3072.00,22.47,7.46,173.77,0.79,0.03,2070.26,0.00,0.00,0.26,1.08
1780690004,4827.29,3294.70,3072.00,22.47,7.46,173.77,0.79,0.03,2073.61,0.00,0.00,0.20,1.02
1780690014,4827.29,3294.71,3072.00,22.47,7.46,173.77,0.79,0.03,2104.71,0.00,0.00,0.13,0.95
1780690023,4837.09,3304.51,3072.00,22.47,7.46,173.77,0.79,0.03,2141.93,0.00,0.00,9.97,10.79
1780690030,4834.82,3302.30,3072.00,22.47,7.46,173.78,0.79,0.03,2164.08,0.00,0.00,7.69,8.51
1780690036,4834.74,3302.34,3072.00,22.47,7.48,173.78,0.79,0.03,2173.22,0.00,0.00,7.57,8.39
1780690042,4834.96,3302.57,3072.00,22.48,7.49,173.78,0.79,0.03,2173.32,0.00,0.00,7.79,8.61
1780690049,4827.37,3294.98,3072.00,22.48,7.49,173.78,0.79,0.03,2173.64,0.00,0.00,0.20,1.02
1780690055,4834.87,3302.48,3072.00,22.48,7.49,173.78,0.79,0.03,2173.96,0.00,0.00,7.69,8.51
1780690061,4834.75,3302.36,3072.00,22.48,7.49,173.78,0.79,0.03,2174.05,0.00,0.00,7.57,8.39
1780690067,4834.94,3302.55,3072.00,22.48,7.49,173.78,0.79,0.03,2174.16,0.00,0.00,7.76,8.58
1780690073,4834.75,3302.36,3072.00,22.48,7.49,173.78,0.79,0.03,2174.25,0.00,0.00,7.57,8.39
1780690079,4827.38,3294.98,3072.00,22.48,7.49,173.78,0.79,0.03,2174.27,0.00,0.00,0.20,1.02
1780690085,4834.75,3302.36,3072.00,22.48,7.49,173.78,0.79,0.03,2174.28,0.00,0.00,7.57,8.39
1780690091,4834.75,3302.36,3072.00,22.48,7.49,173.78,0.79,0.03,2174.31,0.00,0.00,7.57,8.39
1780690097,4834.96,3302.63,3072.00,22.48,7.49,173.78,0.79,0.03,2174.43,0.00,0.00,7.79,8.61
1780690103,4834.75,3302.42,3072.00,22.48,7.49,173.78,0.79,0.03,2174.54,0.00,0.00,7.57,8.39
1780690110,4834.75,3302.42,3072.00,22.48,7.49,173.78,0.79,0.03,2174.56,0.00,0.00,7.57,8.39
1780690116,4834.75,3302.43,3072.00,22.48,7.49,173.78,0.79,0.03,2174.57,0.00,0.00,7.57,8.39
1780690122,4835.04,3302.71,3072.00,22.48,7.50,173.78,0.79,0.03,2174.62,0.00,0.00,7.85,8.67
1780690128,4827.38,3295.05,3072.00,22.48,7.50,173.78,0.79,0.03,2174.79,0.00,0.00,0.20,1.02
1780690134,4827.38,3295.05,3072.00,22.48,7.50,173.78,0.79,0.03,2174.82,0.00,0.00,0.20,1.02
1780690140,4827.38,3295.06,3072.00,22.48,7.50,173.78,0.79,0.03,2174.93,0.00,0.00,0.20,1.02
1780690146,4827.38,3295.06,3072.00,22.48,7.50,173.78,0.79,0.03,2174.96,0.00,0.00,0.20,1.02
1780690152,4827.39,3295.06,3072.00,22.48,7.50,173.78,0.79,0.03,2174.98,0.00,0.00,0.20,1.02
1780690158,4827.39,3295.06,3072.00,22.48,7.50,173.78,0.79,0.03,2175.05,0.00,0.00,0.20,1.02
1780690165,4834.76,3302.43,3072.00,22.48,7.50,173.78,0.79,0.03,2175.43,0.00,0.00,7.57,8.39
1780690171,4827.39,3295.06,3072.00,22.48,7.50,173.78,0.79,0.03,2175.52,0.00,0.00,0.20,1.02
1780690177,4827.39,3295.06,3072.00,22.48,7.50,173.78,0.79,0.03,2175.53,0.00,0.00,0.20,1.02
1780690183,4827.39,3295.06,3072.00,22.48,7.50,173.78,0.79,0.03,2175.55,0.00,0.00,0.20,1.02
1780690189,4834.76,3302.43,3072.00,22.48,7.50,173.78,0.79,0.03,2175.66,0.00,0.00,7.57,8.39
1780690195,4827.39,3295.06,3072.00,22.48,7.50,173.78,0.79,0.03,2175.66,0.00,0.00,0.20,1.02
1780690202,4827.39,3295.06,3072.00,22.48,7.50,173.78,0.79,0.03,2175.70,0.00,0.00,0.20,1.02
1780690208,4827.39,3295.07,3072.00,22.48,7.50,173.78,0.79,0.03,2175.80,0.00,0.00,0.20,1.02
1780690214,4827.39,3295.07,3072.00,22.48,7.50,173.78,0.79,0.03,2175.88,0.00,0.00,0.20,1.02
1780690220,4834.77,3302.50,3072.00,22.48,7.50,173.78,0.79,0.03,2176.11,0.00,0.00,7.57,8.39
1780690226,4827.40,3295.13,3072.00,22.48,7.50,173.78,0.79,0.03,2176.12,0.00,0.00,0.20,1.02
1780690232,4827.40,3295.13,3072.00,22.48,7.50,173.78,0.79,0.03,2176.12,0.00,0.00,0.20,1.02
1780690239,4827.40,3295.13,3072.00,22.48,7.50,173.78,0.79,0.03,2176.13,0.00,0.00,0.20,1.02
1780690245,4834.77,3302.51,3072.00,22.48,7.50,173.78,0.79,0.03,2176.24,0.00,0.00,7.57,8.39
1780690251,4827.40,3295.13,3072.00,22.48,7.50,173.78,0.79,0.03,2176.31,0.00,0.00,0.20,1.02
1780690257,4827.40,3295.13,3072.00,22.48,7.51,173.78,0.79,0.03,2176.64,0.00,0.00,0.20,1.02
1780690263,4827.40,3295.14,3072.00,22.48,7.51,173.78,0.79,0.03,2176.71,0.00,0.00,0.20,1.02
1780690269,4827.40,3295.14,3072.00,22.48,7.51,173.78,0.79,0.03,2176.78,0.00,0.00,0.20,1.02
1780690275,4834.78,3302.51,3072.00,22.48,7.51,173.78,0.79,0.03,2176.80,0.00,0.00,7.57,8.39
1780690281,4827.40,3295.14,3072.00,22.48,7.51,173.78,0.79,0.03,2176.83,0.00,0.00,0.20,1.02
1780690288,4827.40,3295.14,3072.00,22.48,7.51,173.78,0.79,0.03,2176.83,0.00,0.00,0.20,1.02
1780690294,4827.40,3295.14,3072.00,22.48,7.51,173.78,0.79,0.03,2176.83,0.00,0.00,0.20,1.02
1780690300,4834.78,3302.51,3072.00,22.48,7.51,173.78,0.79,0.03,2176.84,0.00,0.00,7.57,8.39
1780690306,4834.87,3302.60,3072.00,22.48,7.51,173.78,0.79,0.03,2176.88,0.00,0.00,7.66,8.48
1780690312,4827.41,3295.14,3072.00,22.48,7.51,173.78,0.79,0.03,2176.98,0.00,0.00,0.20,1.02
1780690319,4827.41,3295.14,3072.00,22.48,7.51,173.78,0.79,0.03,2177.11,0.00,0.00,0.20,1.02
1780690325,4834.78,3302.52,3072.00,22.48,7.51,173.78,0.79,0.03,2177.18,0.00,0.00,7.57,8.39
1780690334,4827.41,3295.14,3072.00,22.48,7.51,173.78,0.79,0.03,2177.21,0.00,0.00,0.20,1.02
1780690340,4834.97,3302.71,3072.00,22.48,7.51,173.78,0.79,0.03,2177.40,0.00,0.00,7.75,8.57
1780690347,4827.41,3295.14,3072.00,22.48,7.51,173.78,0.79,0.03,2177.40,0.00,0.00,0.20,1.02
1780690353,4827.41,3295.14,3072.00,22.48,7.51,173.78,0.79,0.03,2177.41,0.00,0.00,0.20,1.02
1780690359,4827.41,3295.14,3072.00,22.48,7.51,173.78,0.79,0.03,2177.42,0.00,0.00,0.20,1.02
1780690365,4834.78,3302.52,3072.00,22.48,7.51,173.78,0.79,0.03,2177.44,0.00,0.00,7.57,8.39
1780690371,4834.97,3302.71,3072.00,22.48,7.51,173.78,0.79,0.03,2177.45,0.00,0.00,7.75,8.57
1780690377,4827.41,3295.14,3072.00,22.48,7.51,173.78,0.79,0.03,2177.49,0.00,0.00,0.20,1.02
1780690383,4827.41,3295.14,3072.00,22.48,7.51,173.78,0.79,0.03,2177.49,0.00,0.00,0.20,1.02
1780690390,4834.78,3302.52,3072.00,22.48,7.51,173.78,0.79,0.03,2177.52,0.00,0.00,7.57,8.39
1780690396,4834.78,3302.52,3072.00,22.48,7.51,173.78,0.79,0.03,2177.53,0.00,0.00,7.57,8.39
1780690401,4834.78,3302.52,3072.00,22.48,7.51,173.78,0.79,0.03,2177.54,0.00,0.00,7.57,8.39
1780690408,4827.41,3295.15,3072.00,22.48,7.51,173.78,0.79,0.03,2177.55,0.00,0.00,0.20,1.02
1780690414,4834.98,3302.72,3072.00,22.54,7.51,173.78,0.86,0.03,2177.61,0.00,0.00,7.44,8.33
1780690420,4834.79,3302.52,3072.00,22.48,7.51,173.78,0.79,0.03,2177.83,0.00,0.00,7.57,8.39
1780690426,4834.79,3302.52,3072.00,22.48,7.51,173.78,0.79,0.03,2177.84,0.00,0.00,7.57,8.39
1780690433,4827.42,3295.15,3072.00,22.48,7.51,173.78,0.79,0.03,2177.84,0.00,0.00,0.20,1.02
1780690439,4827.42,3295.15,3072.00,22.48,7.51,173.78,0.79,0.03,2177.84,0.00,0.00,0.20,1.02
1780690445,4834.79,3302.52,3072.00,22.48,7.51,173.78,0.79,0.03,2177.88,0.00,0.00,7.57,8.39
1780690452,4834.79,3302.52,3072.00,22.48,7.51,173.78,0.79,0.03,2177.88,0.00,0.00,7.57,8.39
1780690458,4827.42,3295.15,3072.00,22.48,7.51,173.78,0.79,0.03,2177.88,0.00,0.00,0.20,1.02
1780690465,4834.94,3302.68,3072.00,22.48,7.51,173.78,0.79,0.03,2177.95,0.00,0.00,7.72,8.54
1780690471,4835.29,3303.02,3072.00,22.48,7.52,173.78,0.79,0.03,2178.02,0.00,0.00,8.07,8.89
1780690477,4834.79,3302.52,3072.00,22.48,7.52,173.78,0.79,0.03,2178.12,0.00,0.00,7.57,8.39
1780690483,4834.98,3302.71,3072.00,22.48,7.52,173.78,0.79,0.03,2178.12,0.00,0.00,7.75,8.57
1780690489,4827.42,3295.15,3072.00,22.48,7.52,173.78,0.79,0.03,2178.16,0.00,0.00,0.20,1.02
1780690495,4834.79,3302.52,3072.00,22.48,7.52,173.78,0.79,0.03,2178.16,0.00,0.00,7.57,8.39
1780690501,4834.79,3302.52,3072.00,22.48,7.52,173.78,0.79,0.03,2178.16,0.00,0.00,7.57,8.39
1780690507,4834.95,3302.68,3072.00,22.48,7.52,173.78,0.79,0.03,2178.17,0.00,0.00,7.72,8.54
1780690513,4834.95,3302.68,3072.00,22.48,7.52,173.78,0.80,0.03,2178.53,0.00,0.00,7.72,8.55
1780690519,4835.23,3302.97,3072.00,22.48,7.52,173.78,0.80,0.03,2179.03,0.00,0.00,8.01,8.84
1780690525,4834.80,3302.53,3072.00,22.48,7.52,173.78,0.80,0.03,2179.13,0.00,0.00,7.57,8.40
1780690531,4834.80,3302.53,3072.00,22.48,7.52,173.78,0.80,0.03,2179.16,0.00,0.00,7.57,8.40
1780690537,4834.80,3302.53,3072.00,22.48,7.52,173.78,0.80,0.03,2179.16,0.00,0.00,7.57,8.40
1780690544,4834.80,3302.53,3072.00,22.48,7.52,173.78,0.80,0.03,2179.16,0.00,0.00,7.57,8.40
1780690550,4834.80,3302.53,3072.00,22.48,7.52,173.78,0.80,0.03,2179.16,0.00,0.00,7.57,8.40
1780690556,4844.80,3312.54,3072.00,22.48,7.53,173.78,0.80,0.03,2189.70,0.00,0.00,17.56,18.39
1780690562,4834.80,3302.54,3072.00,22.48,7.53,173.78,0.80,0.03,2179.46,0.00,0.00,7.57,8.40
1780690568,4834.80,3302.54,3072.00,22.48,7.53,173.78,0.80,0.03,2179.57,0.00,0.00,7.57,8.40
1780690574,4834.80,3302.54,3072.00,22.48,7.53,173.78,0.80,0.03,2179.57,0.00,0.00,7.57,8.40
1780690580,4827.43,3295.16,3072.00,22.48,7.53,173.78,0.80,0.03,2179.57,0.00,0.00,0.20,1.03
1780690586,4827.43,3295.17,3072.00,22.48,7.53,173.78,0.80,0.03,2179.57,0.00,0.00,0.20,1.03
1780690592,4827.43,3295.17,3072.00,22.48,7.53,173.78,0.80,0.03,2179.57,0.00,0.00,0.20,1.03
1780690598,4827.43,3295.17,3072.00,22.48,7.53,173.78,0.80,0.03,2179.59,0.00,0.00,0.20,1.03
1780690604,4834.96,3302.69,3072.00,22.48,7.53,173.78,0.80,0.03,2179.61,0.00,0.00,7.72,8.55
1780690610,4827.43,3295.17,3072.00,22.48,7.53,173.78,0.80,0.03,2179.64,0.00,0.00,0.20,1.03
1780690616,4827.43,3295.17,3072.00,22.48,7.53,173.78,0.80,0.03,2179.64,0.00,0.00,0.20,1.03
1780690622,4827.43,3295.17,3072.00,22.48,7.53,173.78,0.80,0.03,2179.64,0.00,0.00,0.20,1.03
1780690629,4827.43,3295.17,3072.00,22.48,7.53,173.78,0.80,0.03,2179.67,0.00,0.00,0.20,1.03
1780690635,4827.43,3295.17,3072.00,22.48,7.53,173.78,0.80,0.03,2179.72,0.00,0.00,0.20,1.03
1780690641,4827.43,3295.17,3072.00,22.48,7.53,173.78,0.80,0.03,2179.83,0.00,0.00,0.20,1.03
1780690647,4827.43,3295.17,3072.00,22.48,7.53,173.78,0.80,0.03,2179.84,0.00,0.00,0.20,1.03
1780690653,4827.43,3295.17,3072.00,22.48,7.53,173.78,0.80,0.03,2179.86,0.00,0.00,0.20,1.03
1780690659,4827.43,3295.17,3072.00,22.48,7.53,173.78,0.80,0.03,2179.87,0.00,0.00,0.20,1.03
1780690665,4834.96,3302.70,3072.00,22.48,7.53,173.78,0.80,0.03,2179.91,0.00,0.00,7.72,8.55
1780690671,4827.43,3295.17,3072.00,22.48,7.53,173.78,0.80,0.03,2179.92,0.00,0.00,0.20,1.03
1780690677,4827.43,3295.17,3072.00,22.48,7.53,173.78,0.80,0.03,2179.93,0.00,0.00,0.20,1.03
1780690683,4827.43,3295.17,3072.00,22.48,7.53,173.78,0.80,0.03,2179.93,0.00,0.00,0.20,1.03
1780690689,4827.43,3295.17,3072.00,22.48,7.53,173.78,0.80,0.03,2179.93,0.00,0.00,0.20,1.03
1780690695,4834.99,3302.73,3072.00,22.48,7.53,173.78,0.80,0.03,2179.93,0.00,0.00,7.75,8.58
1780690701,4827.43,3295.17,3072.00,22.48,7.53,173.78,0.80,0.03,2180.03,0.00,0.00,0.20,1.03
1780690707,4827.43,3295.17,3072.00,22.48,7.53,173.78,0.80,0.03,2180.04,0.00,0.00,0.20,1.03
1780690713,4827.43,3295.17,3072.00,22.48,7.53,173.78,0.80,0.03,2180.04,0.00,0.00,0.20,1.03
1780690719,4827.43,3295.17,3072.00,22.48,7.53,173.78,0.80,0.03,2180.04,0.00,0.00,0.20,1.03
1780690725,4834.81,3302.54,3072.00,22.48,7.53,173.78,0.80,0.03,2180.06,0.00,0.00,7.57,8.40
1780690731,4827.43,3295.17,3072.00,22.48,7.53,173.78,0.80,0.03,2180.07,0.00,0.00,0.20,1.03
1780690737,4827.43,3295.17,3072.00,22.48,7.53,173.78,0.80,0.03,2180.07,0.00,0.00,0.20,1.03
1780690744,4827.43,3295.17,3072.00,22.48,7.53,173.78,0.80,0.03,2180.10,0.00,0.00,0.20,1.03
1780690749,4834.81,3302.54,3072.00,22.48,7.53,173.78,0.80,0.03,2180.15,0.00,0.00,7.57,8.40
1780690755,4834.81,3302.54,3072.00,22.48,7.53,173.78,0.80,0.03,2180.18,0.00,0.00,7.57,8.40
1780690761,4834.81,3302.54,3072.00,22.48,7.53,173.78,0.80,0.03,2180.20,0.00,0.00,7.57,8.40
1780690767,4827.43,3295.17,3072.00,22.48,7.53,173.78,0.80,0.03,2180.20,0.00,0.00,0.20,1.03
1780690773,4827.43,3295.17,3072.00,22.48,7.53,173.78,0.80,0.03,2180.20,0.00,0.00,0.20,1.03
1780690779,4827.43,3295.17,3072.00,22.48,7.53,173.78,0.80,0.03,2180.34,0.00,0.00,0.20,1.03
1780690785,4834.98,3302.71,3072.00,22.48,7.53,173.78,0.80,0.03,2180.46,0.00,0.00,7.72,8.55
1780690791,4834.82,3302.56,3072.00,22.48,7.53,173.78,0.80,0.03,2180.48,0.00,0.00,7.57,8.40
1780690797,4827.45,3295.18,3072.00,22.48,7.53,173.78,0.80,0.03,2180.49,0.00,0.00,0.20,1.03
1780690803,4827.45,3295.18,3072.00,22.48,7.53,173.78,0.80,0.03,2180.49,0.00,0.00,0.20,1.03
1780690809,4827.45,3295.18,3072.00,22.48,7.53,173.78,0.80,0.03,2180.49,0.00,0.00,0.20,1.03
1780690815,4834.82,3302.56,3072.00,22.48,7.53,173.78,0.80,0.03,2180.49,0.00,0.00,7.57,8.40
1780690821,4834.82,3302.56,3072.00,22.48,7.53,173.78,0.80,0.03,2180.49,0.00,0.00,7.57,8.40
1780690827,4834.82,3302.56,3072.00,22.48,7.53,173.78,0.80,0.03,2180.49,0.00,0.00,7.57,8.40
1780690833,4827.45,3295.18,3072.00,22.48,7.53,173.78,0.80,0.03,2180.49,0.00,0.00,0.20,1.03
1780690839,4827.45,3295.18,3072.00,22.48,7.53,173.78,0.80,0.03,2180.78,0.00,0.00,0.20,1.03
1780690845,4834.83,3302.62,3072.00,22.48,7.53,173.78,0.80,0.03,2180.98,0.00,0.00,7.57,8.40
1780690851,4834.83,3302.62,3072.00,22.48,7.53,173.78,0.80,0.03,2180.99,0.00,0.00,7.57,8.40
1780690857,4834.83,3302.62,3072.00,22.48,7.53,173.78,0.80,0.03,2180.99,0.00,0.00,7.57,8.40
1780690863,4827.45,3295.25,3072.00,22.48,7.53,173.78,0.80,0.03,2180.99,0.00,0.00,0.20,1.03
1780690869,4827.45,3295.25,3072.00,22.48,7.53,173.78,0.80,0.03,2180.99,0.00,0.00,0.20,1.03
1780690875,4834.83,3302.62,3072.00,22.48,7.53,173.78,0.80,0.03,2181.02,0.00,0.00,7.57,8.40
1780690881,4834.83,3302.62,3072.00,22.48,7.53,173.78,0.80,0.03,2181.03,0.00,0.00,7.57,8.40
1780690887,4834.98,3302.78,3072.00,22.48,7.53,173.78,0.80,0.03,2181.03,0.00,0.00,7.72,8.55
1780690893,4827.45,3295.25,3072.00,22.48,7.53,173.78,0.80,0.03,2181.16,0.00,0.00,0.20,1.03
1780690899,4834.83,3302.62,3072.00,22.48,7.53,173.78,0.80,0.03,2181.22,0.00,0.00,7.57,8.40
1780690905,4834.83,3302.62,3072.00,22.48,7.53,173.78,0.80,0.03,2181.22,0.00,0.00,7.57,8.40
1780690911,4834.83,3302.62,3072.00,22.48,7.53,173.78,0.80,0.03,2181.22,0.00,0.00,7.57,8.40
1780690918,4835.39,3303.19,3072.00,22.48,7.53,173.78,0.80,0.03,2181.22,0.00,0.00,8.13,8.96
1780690924,4827.45,3295.25,3072.00,22.48,7.53,173.78,0.80,0.03,2181.25,0.00,0.00,0.20,1.03
1780690930,4834.83,3302.63,3072.00,22.48,7.54,173.78,0.80,0.03,2183.98,0.00,0.00,7.57,8.40
1780690936,4834.83,3302.63,3072.00,22.48,7.54,173.78,0.80,0.03,2184.01,0.00,0.00,7.57,8.40
1780690942,4834.83,3302.63,3072.00,22.48,7.54,173.78,0.80,0.03,2184.02,0.00,0.00,7.57,8.40
1780690948,4834.83,3302.63,3072.00,22.48,7.54,173.78,0.80,0.03,2184.02,0.00,0.00,7.57,8.40
1780690954,4827.46,3295.26,3072.00,22.48,7.54,173.78,0.80,0.03,2184.21,0.00,0.00,0.20,1.03
1780690960,4834.84,3302.63,3072.00,22.48,7.54,173.78,0.80,0.03,2184.38,0.00,0.00,7.57,8.40
1780690966,4835.46,3303.26,3072.00,22.48,7.54,173.78,0.80,0.03,2184.40,0.00,0.00,8.19,9.02
1780690972,4834.84,3302.63,3072.00,22.48,7.54,173.78,0.80,0.03,2184.44,0.00,0.00,7.57,8.40
1780690978,4834.84,3302.63,3072.00,22.48,7.54,173.78,0.80,0.03,2184.45,0.00,0.00,7.57,8.40
1780690984,4827.46,3295.26,3072.00,22.48,7.54,173.78,0.80,0.03,2184.45,0.00,0.00,0.20,1.03
1780690990,4836.65,3304.45,3072.00,22.48,7.55,173.78,0.80,0.03,2184.53,0.00,0.00,9.38,10.21
1780690996,4834.84,3302.64,3072.00,22.48,7.55,173.78,0.80,0.03,2184.61,0.00,0.00,7.57,8.40
1780691002,4834.84,3302.64,3072.00,22.48,7.55,173.78,0.80,0.03,2184.61,0.00,0.00,7.57,8.40
1780691008,4835.09,3302.89,3072.00,22.48,7.55,173.78,0.80,0.03,2184.61,0.00,0.00,7.82,8.65
1780691014,4827.45,3295.25,3072.00,22.48,7.55,173.78,0.80,0.03,2184.70,0.00,0.00,0.20,1.03
1780691020,4834.84,3302.64,3072.00,22.48,7.55,173.78,0.80,0.03,2184.70,0.00,0.00,7.57,8.40
1780691026,4834.84,3302.64,3072.00,22.48,7.55,173.78,0.80,0.03,2184.70,0.00,0.00,7.57,8.40
1780691032,4834.84,3302.64,3072.00,22.48,7.55,173.78,0.80,0.03,2184.70,0.00,0.00,7.57,8.40
1780691038,4834.84,3302.64,3072.00,22.48,7.55,173.78,0.80,0.03,2184.73,0.00,0.00,7.57,8.40
1780691044,4834.97,3302.77,3072.00,22.54,7.55,173.78,0.87,0.03,2184.73,0.00,0.00,7.50,8.40
1780691050,4827.47,3295.27,3072.00,22.48,7.55,173.78,0.80,0.03,2184.73,0.00,0.00,0.20,1.03
1780691056,4827.47,3295.27,3072.00,22.48,7.55,173.78,0.80,0.03,2184.73,0.00,0.00,0.20,1.03
1780691063,4827.47,3295.27,3072.00,22.48,7.55,173.78,0.80,0.03,2184.94,0.00,0.00,0.20,1.03
1780691069,4827.47,3295.27,3072.00,22.48,7.55,173.78,0.80,0.03,2184.99,0.00,0.00,0.20,1.03
1780691075,4827.47,3295.27,3072.00,22.48,7.55,173.78,0.80,0.03,2185.06,0.00,0.00,0.20,1.03
1780691081,4827.47,3295.27,3072.00,22.48,7.55,173.78,0.80,0.03,2185.06,0.00,0.00,0.20,1.03
1780691087,4827.47,3295.27,3072.00,22.48,7.55,173.78,0.80,0.03,2185.07,0.00,0.00,0.20,1.03
1780691093,4827.47,3295.27,3072.00,22.48,7.55,173.78,0.80,0.03,2185.07,0.00,0.00,0.20,1.03
1780691099,4827.47,3295.27,3072.00,22.48,7.55,173.78,0.80,0.03,2185.07,0.00,0.00,0.20,1.03
1780691105,4827.47,3295.27,3072.00,22.48,7.55,173.78,0.80,0.03,2185.09,0.00,0.00,0.20,1.03
1780691111,4827.47,3295.27,3072.00,22.48,7.55,173.78,0.80,0.03,2185.18,0.00,0.00,0.20,1.03
1780691117,4827.47,3295.27,3072.00,22.48,7.55,173.78,0.80,0.03,2185.21,0.00,0.00,0.20,1.03
1780691124,4827.47,3295.27,3072.00,22.48,7.55,173.78,0.80,0.03,2185.21,0.00,0.00,0.20,1.03
1780691130,4834.85,3302.64,3072.00,22.48,7.55,173.78,0.80,0.03,2185.21,0.00,0.00,7.57,8.40
1780691136,4827.47,3295.27,3072.00,22.48,7.55,173.78,0.80,0.03,2185.21,0.00,0.00,0.20,1.03
1780691142,4827.47,3295.27,3072.00,22.48,7.55,173.78,0.80,0.03,2185.21,0.00,0.00,0.20,1.03
1780691148,4827.47,3295.27,3072.00,22.48,7.55,173.78,0.80,0.03,2185.22,0.00,0.00,0.20,1.03
1780691155,4834.91,3302.71,3072.00,22.48,7.55,173.78,0.80,0.03,2185.30,0.00,0.00,7.63,8.46
1780691162,4827.48,3295.28,3072.00,22.48,7.55,173.78,0.80,0.03,2185.41,0.00,0.00,0.20,1.03
1780691168,4827.48,3295.28,3072.00,22.48,7.55,173.78,0.80,0.03,2185.50,0.00,0.00,0.20,1.03
1780691174,4827.48,3295.28,3072.00,22.48,7.55,173.78,0.80,0.03,2185.54,0.00,0.00,0.20,1.03
1780691180,4834.85,3302.65,3072.00,22.48,7.55,173.78,0.80,0.03,2185.58,0.00,0.00,7.57,8.40
1780691186,4827.48,3295.28,3072.00,22.48,7.55,173.78,0.80,0.03,2185.59,0.00,0.00,0.20,1.03
1780691192,4827.48,3295.28,3072.00,22.48,7.55,173.78,0.80,0.03,2185.59,0.00,0.00,0.20,1.03
1780691198,4827.48,3295.28,3072.00,22.48,7.55,173.78,0.80,0.03,2185.59,0.00,0.00,0.20,1.03
1780691204,4827.48,3295.28,3072.00,22.48,7.55,173.78,0.80,0.03,2185.59,0.00,0.00,0.20,1.03
1780691210,4834.85,3302.65,3072.00,22.48,7.55,173.78,0.80,0.03,2185.59,0.00,0.00,7.57,8.40
1780691216,4827.48,3295.28,3072.00,22.48,7.55,173.78,0.80,0.03,2185.59,0.00,0.00,0.20,1.03
1780691223,4827.48,3295.28,3072.00,22.48,7.55,173.78,0.80,0.03,2185.59,0.00,0.00,0.20,1.03
1780691230,4834.86,3302.65,3072.00,22.48,7.56,173.78,0.80,0.03,2185.71,0.00,0.00,7.57,8.40
1780691236,4834.86,3302.65,3072.00,22.48,7.56,173.78,0.80,0.03,2185.71,0.00,0.00,7.57,8.40
1780691242,4827.48,3295.28,3072.00,22.48,7.56,173.78,0.80,0.03,2185.71,0.00,0.00,0.20,1.03
1780691248,4827.48,3295.28,3072.00,22.48,7.56,173.78,0.80,0.03,2185.71,0.00,0.00,0.20,1.03
1780691254,4834.86,3302.65,3072.00,22.48,7.56,173.78,0.80,0.03,2185.71,0.00,0.00,7.57,8.40
1780691260,4834.86,3302.65,3072.00,22.48,7.56,173.78,0.80,0.03,2185.71,0.00,0.00,7.57,8.40
1780691267,4827.48,3295.28,3072.00,22.48,7.56,173.78,0.80,0.03,2185.71,0.00,0.00,0.20,1.03
1780691273,4827.48,3295.28,3072.00,22.48,7.56,173.78,0.80,0.03,2185.71,0.00,0.00,0.20,1.03
1780691279,4834.86,3302.66,3072.00,22.48,7.56,173.78,0.80,0.03,2185.73,0.00,0.00,7.57,8.40
1780691286,4834.86,3302.66,3072.00,22.48,7.56,173.78,0.80,0.03,2185.75,0.00,0.00,7.57,8.40
1780691292,4827.48,3295.28,3072.00,22.48,7.56,173.78,0.80,0.03,2185.75,0.00,0.00,0.20,1.03
1780691299,4827.49,3295.28,3072.00,22.48,7.56,173.78,0.80,0.03,2185.76,0.00,0.00,0.20,1.03
1780691305,4834.86,3302.66,3072.00,22.48,7.56,173.78,0.80,0.03,2185.77,0.00,0.00,7.57,8.40
1780691311,4834.92,3302.72,3072.00,22.48,7.56,173.78,0.80,0.03,2185.79,0.00,0.00,7.63,8.46
1780691317,4834.86,3302.66,3072.00,22.48,7.56,173.78,0.80,0.03,2185.81,0.00,0.00,7.57,8.40
1780691323,4827.49,3295.28,3072.00,22.48,7.56,173.78,0.80,0.03,2185.81,0.00,0.00,0.20,1.03
1780691329,4827.49,3295.28,3072.00,22.48,7.56,173.78,0.80,0.03,2185.81,0.00,0.00,0.20,1.03
1780691335,4834.86,3302.66,3072.00,22.48,7.56,173.78,0.80,0.03,2185.82,0.00,0.00,7.57,8.40
1780691341,4834.86,3302.66,3072.00,22.48,7.56,173.78,0.80,0.03,2185.83,0.00,0.00,7.57,8.40
1780691347,4834.86,3302.66,3072.00,22.48,7.56,173.78,0.80,0.03,2185.83,0.00,0.00,7.57,8.40
1780691354,4827.49,3295.28,3072.00,22.48,7.56,173.78,0.80,0.03,2185.83,0.00,0.00,0.20,1.03
1780691359,4834.86,3302.66,3072.00,22.48,7.56,173.78,0.80,0.03,2185.83,0.00,0.00,7.57,8.40
1780691365,4834.86,3302.66,3072.00,22.48,7.56,173.78,0.80,0.03,2185.83,0.00,0.00,7.57,8.40
1780691371,4834.86,3302.66,3072.00,22.48,7.56,173.78,0.80,0.03,2185.83,0.00,0.00,7.57,8.40
1780691377,4834.86,3302.66,3072.00,22.48,7.56,173.78,0.80,0.03,2185.84,0.00,0.00,7.57,8.40
1780691383,4827.49,3295.28,3072.00,22.48,7.56,173.78,0.80,0.03,2185.84,0.00,0.00,0.20,1.03
1780691389,4827.49,3295.28,3072.00,22.48,7.56,173.78,0.80,0.03,2185.84,0.00,0.00,0.20,1.03
1780691395,4834.86,3302.66,3072.00,22.48,7.56,173.78,0.80,0.03,2186.29,0.00,0.00,7.57,8.40
1780691401,4834.86,3302.66,3072.00,22.48,7.56,173.78,0.80,0.03,2186.29,0.00,0.00,7.57,8.40
1780691407,4834.86,3302.66,3072.00,22.48,7.56,173.78,0.80,0.03,2186.30,0.00,0.00,7.57,8.40
1780691413,4834.86,3302.66,3072.00,22.48,7.56,173.78,0.80,0.03,2186.57,0.00,0.00,7.57,8.40
1780691420,4834.86,3302.66,3072.00,22.48,7.56,173.78,0.80,0.03,2186.78,0.00,0.00,7.57,8.40
1780691426,4834.86,3302.66,3072.00,22.48,7.56,173.78,0.80,0.03,2186.78,0.00,0.00,7.57,8.40
1780691432,4834.86,3302.66,3072.00,22.48,7.56,173.78,0.80,0.03,2186.78,0.00,0.00,7.57,8.40
1780691438,4834.86,3302.66,3072.00,22.48,7.56,173.78,0.80,0.03,2186.78,0.00,0.00,7.57,8.40
1780691444,4827.49,3295.29,3072.00,22.48,7.56,173.78,0.80,0.03,2186.78,0.00,0.00,0.20,1.03
1780691450,4834.86,3302.66,3072.00,22.48,7.56,173.78,0.80,0.03,2186.78,0.00,0.00,7.57,8.40
1780691456,4834.86,3302.66,3072.00,22.48,7.56,173.78,0.80,0.03,2186.78,0.00,0.00,7.57,8.40
1780691462,4834.86,3302.66,3072.00,22.48,7.56,173.78,0.80,0.03,2186.78,0.00,0.00,7.57,8.40
1780691468,4834.86,3302.66,3072.00,22.48,7.56,173.78,0.80,0.03,2186.79,0.00,0.00,7.57,8.40
1780691474,4834.99,3302.79,3072.00,22.54,7.56,173.78,0.87,0.03,2186.83,0.00,0.00,7.50,8.40
1780691481,4834.86,3302.66,3072.00,22.48,7.56,173.78,0.80,0.03,2186.83,0.00,0.00,7.57,8.40
1780691487,4834.86,3302.66,3072.00,22.48,7.56,173.78,0.80,0.03,2186.83,0.00,0.00,7.57,8.40
1780691493,4834.86,3302.66,3072.00,22.48,7.56,173.78,0.80,0.03,2186.83,0.00,0.00,7.57,8.40
1780691499,4834.99,3302.79,3072.00,22.54,7.56,173.78,0.87,0.03,2186.85,0.00,0.00,7.50,8.40
1780691505,4827.49,3295.29,3072.00,22.48,7.56,173.78,0.80,0.03,2186.86,0.00,0.00,0.20,1.03
1780691511,4827.49,3295.29,3072.00,22.48,7.56,173.78,0.80,0.03,2186.86,0.00,0.00,0.20,1.03
1780691517,4827.49,3295.29,3072.00,22.48,7.56,173.78,0.80,0.03,2186.86,0.00,0.00,0.20,1.03
1780691523,4827.49,3295.29,3072.00,22.48,7.56,173.78,0.80,0.03,2186.86,0.00,0.00,0.20,1.03
1780691530,4827.49,3295.29,3072.00,22.48,7.56,173.78,0.80,0.03,2186.86,0.00,0.00,0.20,1.03
1780691536,4827.49,3295.29,3072.00,22.48,7.56,173.78,0.80,0.03,2186.86,0.00,0.00,0.20,1.03
1780691542,4827.49,3295.29,3072.00,22.48,7.56,173.78,0.80,0.03,2186.86,0.00,0.00,0.20,1.03
1780691549,4827.49,3295.29,3072.00,22.48,7.56,173.78,0.80,0.03,2186.95,0.00,0.00,0.20,1.03
1780691555,4827.49,3295.29,3072.00,22.48,7.56,173.78,0.80,0.03,2186.96,0.00,0.00,0.20,1.03
1780691561,4827.49,3295.29,3072.00,22.48,7.56,173.78,0.80,0.03,2186.96,0.00,0.00,0.20,1.03
1780691567,4827.49,3295.29,3072.00,22.48,7.56,173.78,0.80,0.03,2186.96,0.00,0.00,0.20,1.03
1780691573,4827.49,3295.29,3072.00,22.48,7.56,173.78,0.80,0.03,2186.96,0.00,0.00,0.20,1.03
1780691579,4834.86,3302.66,3072.00,22.48,7.56,173.78,0.80,0.03,2186.96,0.00,0.00,7.57,8.40
1780691585,4827.49,3295.29,3072.00,22.48,7.56,173.78,0.80,0.03,2186.98,0.00,0.00,0.20,1.03
1780691591,4827.49,3295.29,3072.00,22.48,7.56,173.78,0.80,0.03,2187.09,0.00,0.00,0.20,1.03
1780691597,4827.49,3295.29,3072.00,22.48,7.56,173.78,0.80,0.03,2187.11,0.00,0.00,0.20,1.03
1780691604,4827.49,3295.29,3072.00,22.48,7.56,173.78,0.80,0.03,2187.11,0.00,0.00,0.20,1.03
1780691610,4834.87,3302.66,3072.00,22.48,7.56,173.78,0.80,0.03,2187.11,0.00,0.00,7.57,8.40
1780691616,4827.49,3295.29,3072.00,22.48,7.56,173.78,0.80,0.03,2187.11,0.00,0.00,0.20,1.03
1780691621,4827.49,3295.29,3072.00,22.48,7.56,173.78,0.80,0.03,2187.11,0.00,0.00,0.20,1.03
1780691628,4827.49,3295.29,3072.00,22.48,7.56,173.78,0.80,0.03,2187.11,0.00,0.00,0.20,1.03
1780691634,4827.49,3295.29,3072.00,22.48,7.56,173.78,0.80,0.03,2187.25,0.00,0.00,0.20,1.03
1780691640,4834.87,3302.66,3072.00,22.48,7.56,173.78,0.80,0.03,2187.27,0.00,0.00,7.57,8.40
1780691646,4827.49,3295.29,3072.00,22.48,7.56,173.78,0.80,0.03,2187.27,0.00,0.00,0.20,1.03
1780691652,4827.49,3295.29,3072.00,22.48,7.56,173.78,0.80,0.03,2187.27,0.00,0.00,0.20,1.03
1780691658,4827.49,3295.29,3072.00,22.48,7.56,173.78,0.80,0.03,2187.27,0.00,0.00,0.20,1.03
1780691664,4834.87,3302.66,3072.00,22.48,7.56,173.78,0.80,0.03,2187.27,0.00,0.00,7.57,8.40
1780691671,4834.87,3302.66,3072.00,22.48,7.56,173.78,0.80,0.03,2187.27,0.00,0.00,7.57,8.40
1780691677,4827.49,3295.29,3072.00,22.48,7.56,173.78,0.80,0.03,2187.27,0.00,0.00,0.20,1.03
1780691682,4827.48,3295.27,3072.00,22.48,7.56,173.78,0.80,0.03,2187.33,0.00,0.00,0.20,1.03
1780691689,4827.49,3295.29,3072.00,22.48,7.56,173.78,0.80,0.03,2187.38,0.00,0.00,0.20,1.03
1780691695,4834.87,3302.66,3072.00,22.48,7.56,173.78,0.80,0.03,2187.38,0.00,0.00,7.57,8.40
1780691700,4834.87,3302.66,3072.00,22.48,7.56,173.78,0.80,0.03,2187.38,0.00,0.00,7.57,8.40
1780691706,4827.49,3295.29,3072.00,22.48,7.56,173.78,0.80,0.03,2187.38,0.00,0.00,0.20,1.03
1780691713,4827.49,3295.29,3072.00,22.48,7.56,173.78,0.80,0.03,2187.38,0.00,0.00,0.20,1.03
1780691719,4827.49,3295.29,3072.00,22.48,7.56,173.78,0.80,0.03,2187.38,0.00,0.00,0.20,1.03
1780691725,4834.87,3302.66,3072.00,22.48,7.56,173.78,0.80,0.03,2187.39,0.00,0.00,7.57,8.40
1780691731,4835.02,3302.82,3072.00,22.48,7.56,173.78,0.80,0.03,2187.39,0.00,0.00,7.72,8.55
1780691737,4827.49,3295.29,3072.00,22.48,7.56,173.78,0.80,0.03,2187.42,0.00,0.00,0.20,1.03
1780691743,4827.49,3295.29,3072.00,22.48,7.56,173.78,0.80,0.03,2187.42,0.00,0.00,0.20,1.03
1780691749,4827.49,3295.29,3072.00,22.48,7.56,173.78,0.80,0.03,2187.42,0.00,0.00,0.20,1.03
1780691755,4834.87,3302.66,3072.00,22.48,7.56,173.78,0.80,0.03,2187.42,0.00,0.00,7.57,8.40
1780691762,4834.87,3302.66,3072.00,22.48,7.56,173.78,0.80,0.03,2187.42,0.00,0.00,7.57,8.40
1780691769,4827.49,3295.29,3072.00,22.48,7.56,173.78,0.80,0.03,2187.42,0.00,0.00,0.20,1.03
1780691775,4834.87,3302.66,3072.00,22.48,7.56,173.78,0.80,0.03,2187.42,0.00,0.00,7.57,8.40
1780691781,4834.87,3302.66,3072.00,22.48,7.56,173.78,0.80,0.03,2187.42,0.00,0.00,7.57,8.40
1780691786,4834.87,3302.66,3072.00,22.48,7.56,173.78,0.80,0.03,2187.42,0.00,0.00,7.57,8.40
1780691793,4827.49,3295.29,3072.00,22.48,7.56,173.78,0.80,0.03,2187.42,0.00,0.00,0.20,1.03
1780691799,4827.50,3295.29,3072.00,22.48,7.56,173.78,0.80,0.03,2187.45,0.00,0.00,0.20,1.03
1780691805,4835.15,3303.01,3072.00,22.48,7.57,173.78,0.80,0.03,2187.65,0.00,0.00,7.85,8.68
1780691811,4834.87,3302.73,3072.00,22.48,7.57,173.78,0.80,0.03,2187.71,0.00,0.00,7.57,8.40
1780691817,4834.87,3302.73,3072.00,22.48,7.57,173.78,0.80,0.03,2187.71,0.00,0.00,7.57,8.40
1780691823,4827.50,3295.36,3072.00,22.48,7.57,173.78,0.80,0.03,2187.71,0.00,0.00,0.20,1.03
1780691829,4834.87,3302.73,3072.00,22.48,7.57,173.78,0.80,0.03,2187.71,0.00,0.00,7.57,8.40
1780691835,4834.87,3302.73,3072.00,22.48,7.57,173.78,0.80,0.03,2187.71,0.00,0.00,7.57,8.40
1780691841,4834.87,3302.73,3072.00,22.48,7.57,173.78,0.80,0.03,2187.71,0.00,0.00,7.57,8.40
1780691848,4834.87,3302.73,3072.00,22.48,7.57,173.78,0.80,0.03,2187.71,0.00,0.00,7.57,8.40
1780691854,4827.50,3295.36,3072.00,22.48,7.57,173.78,0.80,0.03,2187.72,0.00,0.00,0.20,1.03
1780691860,4834.87,3302.73,3072.00,22.48,7.57,173.78,0.80,0.03,2187.73,0.00,0.00,7.57,8.40
1780691866,4834.87,3302.73,3072.00,22.48,7.57,173.78,0.80,0.03,2187.73,0.00,0.00,7.57,8.40
1780691872,4834.87,3302.73,3072.00,22.48,7.57,173.78,0.80,0.03,2187.73,0.00,0.00,7.57,8.40
1780691879,4827.50,3295.36,3072.00,22.48,7.57,173.78,0.80,0.03,2187.73,0.00,0.00,0.20,1.03
1780691885,4834.87,3302.73,3072.00,22.48,7.57,173.78,0.80,0.03,2187.73,0.00,0.00,7.57,8.40
1780691891,4834.87,3302.73,3072.00,22.48,7.57,173.78,0.80,0.03,2187.73,0.00,0.00,7.57,8.40
1780691897,4834.87,3302.73,3072.00,22.48,7.57,173.78,0.80,0.03,2187.73,0.00,0.00,7.57,8.40
1780691903,4834.87,3302.73,3072.00,22.48,7.57,173.78,0.80,0.03,2187.73,0.00,0.00,7.57,8.40
1780691909,4834.87,3302.73,3072.00,22.48,7.57,173.78,0.80,0.03,2187.73,0.00,0.00,7.57,8.40
1780691915,4834.87,3302.73,3072.00,22.48,7.57,173.78,0.80,0.03,2187.73,0.00,0.00,7.57,8.40
1780691921,4834.87,3302.73,3072.00,22.48,7.57,173.78,0.80,0.03,2187.73,0.00,0.00,7.57,8.40
1780691928,4834.87,3302.73,3072.00,22.48,7.57,173.78,0.80,0.03,2187.73,0.00,0.00,7.57,8.40
1780691934,4834.87,3302.73,3072.00,22.48,7.57,173.78,0.80,0.03,2187.73,0.00,0.00,7.57,8.40
1780691941,4834.87,3302.73,3072.00,22.48,7.57,173.78,0.80,0.03,2187.73,0.00,0.00,7.57,8.40
1780691947,4834.94,3302.80,3072.00,22.48,7.57,173.78,0.80,0.03,2187.74,0.00,0.00,7.63,8.46
1780691953,4828.44,3296.30,3072.00,22.48,7.57,173.78,0.80,0.03,2187.77,0.00,0.00,1.14,1.97
1780691959,4827.50,3295.36,3072.00,22.48,7.57,173.78,0.80,0.03,2187.83,0.00,0.00,0.20,1.03
1780691965,4827.50,3295.36,3072.00,22.48,7.57,173.78,0.80,0.03,2187.88,0.00,0.00,0.20,1.03
1780691971,4827.50,3295.36,3072.00,22.48,7.57,173.78,0.80,0.03,2187.88,0.00,0.00,0.20,1.03
1780691977,4827.50,3295.36,3072.00,22.48,7.57,173.78,0.80,0.03,2187.88,0.00,0.00,0.20,1.03
1780691984,4827.50,3295.36,3072.00,22.48,7.57,173.78,0.80,0.03,2187.88,0.00,0.00,0.20,1.03
1780691989,4834.88,3302.74,3072.00,22.48,7.57,173.78,0.80,0.03,2187.88,0.00,0.00,7.57,8.40
1780691995,4827.50,3295.36,3072.00,22.48,7.57,173.78,0.80,0.03,2187.88,0.00,0.00,0.20,1.03
1780692001,4827.50,3295.36,3072.00,22.48,7.57,173.78,0.80,0.03,2187.96,0.00,0.00,0.20,1.03
1780692007,4827.50,3295.36,3072.00,22.48,7.57,173.78,0.80,0.03,2187.99,0.00,0.00,0.20,1.03
1780692014,4827.50,3295.36,3072.00,22.48,7.57,173.78,0.80,0.03,2188.00,0.00,0.00,0.20,1.03
1780692019,4834.88,3302.74,3072.00,22.48,7.57,173.78,0.80,0.03,2188.09,0.00,0.00,7.57,8.40
1780692026,4827.50,3295.36,3072.00,22.48,7.57,173.78,0.80,0.03,2188.09,0.00,0.00,0.20,1.03
1780692032,4827.50,3295.36,3072.00,22.48,7.57,173.78,0.80,0.03,2188.09,0.00,0.00,0.20,1.03
1780692038,4827.50,3295.36,3072.00,22.48,7.57,173.78,0.80,0.03,2188.09,0.00,0.00,0.20,1.03
1780692045,4834.88,3302.74,3072.00,22.48,7.57,173.78,0.80,0.03,2188.09,0.00,0.00,7.57,8.40
1780692051,4827.50,3295.36,3072.00,22.48,7.57,173.78,0.80,0.03,2188.09,0.00,0.00,0.20,1.03
1780692057,4827.50,3295.36,3072.00,22.48,7.57,173.78,0.80,0.03,2188.09,0.00,0.00,0.20,1.03
1780692155,4827.07,3291.99,3072.00,22.26,7.43,173.75,0.64,0.03,254.10,0.00,0.00,0.43,1.10
1780692170,4827.41,3292.33,3072.00,22.27,7.43,173.76,0.64,0.03,707.21,0.00,0.00,0.42,1.09
1780692187,4827.84,3293.02,3072.00,22.24,7.44,173.76,0.64,0.03,1741.66,0.00,0.00,0.45,1.12
1780692203,4831.25,3296.44,3072.00,22.25,7.44,173.78,0.76,0.03,1908.29,0.00,0.00,0.11,0.90
1780692214,4841.51,3306.70,3072.00,22.25,7.44,173.78,0.76,0.03,2014.89,0.00,0.00,9.40,10.19
1780692227,4831.35,3296.54,3072.00,22.25,7.44,173.78,0.76,0.03,2036.95,0.00,0.00,0.32,1.11
1780692241,4835.08,3302.19,3072.00,22.16,7.45,173.78,0.76,0.03,2054.01,0.00,0.00,10.81,11.60
1780692250,4835.53,3302.64,3072.00,22.16,7.45,173.78,0.76,0.03,2060.77,0.00,0.00,11.22,12.01
1780692262,4835.60,3302.77,3072.00,22.16,7.45,173.79,0.77,0.03,2067.32,0.00,0.00,10.96,11.76
1780692274,4835.45,3302.63,3072.00,22.16,7.46,173.79,0.77,0.03,2070.25,0.00,0.00,10.50,11.30
1780692285,4836.31,3303.54,3072.00,22.16,7.46,173.79,0.77,0.03,2077.34,0.00,0.00,12.00,12.80
1780692294,4824.54,3291.77,3072.00,22.16,7.46,173.79,0.77,0.03,2084.37,0.00,0.00,0.26,1.06
1780692307,4835.16,3302.39,3072.00,22.16,7.47,173.79,0.77,0.03,2088.71,0.00,0.00,10.85,11.65
1780692320,4835.13,3302.42,3072.00,22.16,7.47,173.79,0.77,0.03,2093.05,0.00,0.00,10.66,11.46
1780692338,4824.51,3291.81,3072.00,22.16,7.47,173.79,0.77,0.03,2097.60,0.00,0.00,0.20,1.00
1780692350,4824.52,3291.81,3072.00,22.16,7.47,173.79,0.77,0.03,2100.40,0.00,0.00,0.20,1.00
1780692361,4836.21,3303.50,3072.00,22.16,7.47,173.79,0.77,0.03,2103.08,0.00,0.00,11.56,12.36
1780692381,4835.55,3302.85,3072.00,22.16,7.48,173.79,0.77,0.03,2111.08,0.00,0.00,11.22,12.02
1780692395,4824.53,3291.83,3072.00,22.17,7.48,173.79,0.77,0.03,2118.62,0.00,0.00,0.20,1.00
1780692407,4836.36,3303.73,3072.00,22.17,7.48,173.87,0.77,0.03,2127.20,0.00,0.00,11.94,12.74
1780692417,4824.67,3292.04,3072.00,22.17,7.48,173.95,0.77,0.03,2132.59,0.00,0.00,0.20,1.00
1780692425,4835.38,3302.74,3072.00,22.17,7.48,173.95,0.77,0.03,2135.22,0.00,0.00,10.88,11.68
1780692435,4835.38,3302.75,3072.00,22.17,7.48,173.95,0.77,0.03,2141.90,0.00,0.00,10.69,11.49
1780692446,4836.76,3304.12,3072.00,22.17,7.48,173.95,0.77,0.03,2144.50,0.00,0.00,11.90,12.70
1780692458,4824.75,3292.11,3072.00,22.17,7.49,174.00,0.77,0.03,2149.90,0.00,0.00,0.20,1.00
1780692466,4836.54,3303.90,3072.00,22.17,7.49,174.00,0.77,0.03,2155.58,0.00,0.00,11.75,12.55
1780692476,4836.62,3303.99,3072.00,22.17,7.49,174.00,0.77,0.03,2157.53,0.00,0.00,12.00,12.80
1780692486,4835.69,3303.06,3072.00,22.17,7.49,174.00,0.77,0.03,2164.20,0.00,0.00,11.13,11.93
1780692500,4835.34,3302.71,3072.00,22.17,7.49,174.00,0.77,0.03,2168.02,0.00,0.00,10.78,11.58
1780692518,4835.76,3303.19,3072.00,22.17,7.49,174.00,0.77,0.03,2175.64,0.00,0.00,11.22,12.02
1780692531,4836.51,3303.94,3072.00,22.17,7.49,174.00,0.77,0.03,2181.64,0.00,0.00,11.94,12.74
1780692547,4835.51,3302.94,3072.00,22.17,7.50,174.00,0.77,0.03,2187.41,0.00,0.00,10.94,11.74
1780692556,4824.76,3292.19,3072.00,22.17,7.50,174.00,0.77,0.03,2193.62,0.00,0.00,0.20,1.00
1780692566,4824.80,3292.23,3072.00,22.17,7.50,174.00,0.77,0.03,2198.09,0.00,0.00,0.26,1.06
1780692579,4824.77,3292.20,3072.00,22.17,7.50,174.00,0.77,0.03,2203.10,0.00,0.00,0.20,1.00
1780692592,4836.33,3303.76,3072.00,22.17,7.50,174.00,0.77,0.03,2206.44,0.00,0.00,11.75,12.55
1780692603,4836.42,3303.85,3072.00,22.17,7.50,174.00,0.77,0.03,2210.98,0.00,0.00,11.85,12.65
1780692616,4824.87,3292.30,3072.00,22.17,7.50,174.00,0.77,0.03,2216.57,0.00,0.00,0.32,1.12
1780692626,4825.27,3292.70,3072.00,22.17,7.50,174.00,0.77,0.03,2222.04,0.00,0.00,0.06,0.86
1780692638,4824.77,3292.20,3072.00,22.17,7.50,174.00,0.77,0.03,2227.53,0.00,0.00,0.20,1.00
1780692651,4824.75,3292.17,3072.00,22.17,7.50,174.00,0.77,0.03,2231.98,0.00,0.00,0.13,0.93
1780692660,4835.64,3303.07,3072.00,22.17,7.50,174.00,0.77,0.03,2238.34,0.00,0.00,11.06,11.86
1780692670,4825.28,3292.71,3072.00,22.17,7.50,174.00,0.77,0.03,2240.95,0.00,0.00,0.22,1.02
1780692678,4835.70,3303.13,3072.00,22.17,7.50,174.00,0.77,0.03,2243.43,0.00,0.00,10.97,11.77
1780692686,4836.34,3303.77,3072.00,22.17,7.50,174.00,0.77,0.03,2244.83,0.00,0.00,11.78,12.58
1780692700,4824.75,3292.18,3072.00,22.17,7.50,174.00,0.77,0.03,2246.18,0.00,0.00,0.20,1.00
1780692713,4835.58,3303.01,3072.00,22.17,7.50,174.00,0.77,0.03,2248.43,0.00,0.00,11.00,11.80
1780692724,4835.80,3303.23,3072.00,22.17,7.50,174.00,0.77,0.03,2253.68,0.00,0.00,11.22,12.02
1780692739,4835.65,3303.08,3072.00,22.17,7.50,174.00,0.77,0.03,2258.06,0.00,0.00,11.06,11.86
1780692751,4824.78,3292.21,3072.00,22.17,7.50,174.00,0.77,0.03,2261.80,0.00,0.00,0.20,1.00
1780692764,4824.79,3292.22,3072.00,22.17,7.50,174.00,0.77,0.03,2265.23,0.00,0.00,0.23,1.03
1780692774,4839.37,3306.80,3072.00,22.17,7.50,174.00,0.77,0.03,2270.40,0.00,0.00,14.78,15.58
1780692787,4836.53,3303.96,3072.00,22.23,7.50,174.00,0.87,0.03,2274.28,0.00,0.00,11.72,12.62
1780692797,4836.84,3304.27,3072.00,22.17,7.50,174.00,0.77,0.03,2280.94,0.00,0.00,11.44,12.24
1780692807,4827.01,3294.44,3072.00,22.17,7.50,174.00,0.77,0.03,2285.73,0.00,0.00,0.04,0.84
1780692818,4838.56,3305.99,3072.00,22.17,7.50,174.00,0.77,0.03,2291.39,0.00,0.00,11.38,12.18
1780692832,4838.86,3306.29,3072.00,22.17,7.50,174.08,0.77,0.03,2298.32,0.00,0.00,10.94,11.74
1780692845,4828.81,3296.24,3072.00,22.17,7.50,174.08,0.77,0.03,2306.46,0.00,0.00,0.34,1.14
1780692858,4836.47,3303.90,3072.00,22.17,7.51,174.13,0.77,0.03,2311.37,0.00,0.00,11.75,12.55
1780692868,4836.53,3303.96,3072.00,22.17,7.51,174.28,0.77,0.03,2317.41,0.00,0.00,11.66,12.46
1780692877,4836.24,3303.67,3072.00,22.17,7.51,174.28,0.77,0.03,2322.59,0.00,0.00,10.75,11.55
1780692889,4839.38,3306.80,3072.00,22.17,7.51,174.28,0.77,0.03,2327.89,0.00,0.00,14.50,15.30
1780692904,4825.04,3292.47,3072.00,22.17,7.51,174.28,0.77,0.03,2331.76,0.00,0.00,0.20,1.00
1780692915,4825.06,3292.49,3072.00,22.17,7.51,174.28,0.77,0.03,2337.89,0.00,0.00,0.20,1.00
1780692926,4825.63,3293.06,3072.00,22.17,7.51,174.28,0.77,0.03,0.00,0.00,0.00,0.07,0.87
1780693033,4827.18,3292.11,3072.00,22.21,7.43,173.75,0.64,0.03,218.34,0.00,0.00,0.48,1.15
1780693041,4826.93,3291.87,3072.00,22.21,7.43,173.76,0.64,0.03,326.90,0.00,0.00,0.09,0.76
1780693057,4827.75,3292.69,3072.00,22.21,7.44,173.77,0.64,0.03,1033.46,0.00,0.00,0.25,0.92
1780693071,4837.04,3302.11,3072.00,22.19,7.44,173.77,0.64,0.03,1732.00,0.00,0.00,5.22,5.89
1780693086,4833.44,3298.51,3072.00,22.22,7.44,173.78,0.76,0.03,1938.39,0.00,0.00,0.15,0.94
1780693097,4832.71,3297.84,3072.00,22.19,7.44,173.78,0.76,0.03,1981.90,0.00,0.00,0.06,0.85
1780693109,4838.16,3303.30,3072.00,22.19,7.45,173.79,0.76,0.03,2026.14,0.00,0.00,8.85,9.64
1780693125,4827.46,3294.51,3072.00,22.10,7.45,173.79,0.76,0.03,2053.15,0.00,0.00,0.10,0.89
1780693139,4827.62,3294.73,3072.00,22.10,7.45,173.79,0.76,0.03,2092.27,0.00,0.00,0.19,0.98
1780693152,4838.14,3305.26,3072.00,22.17,7.46,173.79,0.84,0.03,2097.98,0.00,0.00,10.79,11.66
1780693166,4837.82,3305.00,3072.00,22.10,7.46,173.79,0.76,0.03,2111.22,0.00,0.00,10.66,11.45
1780693179,4838.86,3306.03,3072.00,22.10,7.46,173.79,0.76,0.03,2116.55,0.00,0.00,11.33,12.12
1780693193,4827.43,3294.60,3072.00,22.10,7.46,173.79,0.76,0.03,2120.00,0.00,0.00,0.26,1.05
1780693211,4838.47,3305.70,3072.00,22.10,7.47,173.79,0.76,0.03,2125.00,0.00,0.00,11.09,11.88
1780693221,4838.25,3305.49,3072.00,22.10,7.47,173.79,0.76,0.03,2129.84,0.00,0.00,11.06,11.85
1780693230,4838.42,3305.66,3072.00,22.10,7.48,173.79,0.76,0.03,2135.73,0.00,0.00,11.25,12.04
1780693241,4838.20,3305.44,3072.00,22.11,7.48,173.79,0.76,0.03,2137.20,0.00,0.00,11.00,11.79
1780693255,4837.91,3305.16,3072.00,22.11,7.48,173.79,0.76,0.03,2142.38,0.00,0.00,10.72,11.51
1780693270,4837.88,3305.13,3072.00,22.11,7.48,173.91,0.76,0.03,2148.54,0.00,0.00,10.47,11.26
1780693281,4838.04,3305.35,3072.00,22.11,7.48,173.91,0.77,0.03,2152.00,0.00,0.00,10.72,11.52
1780693295,4838.57,3305.88,3072.00,22.11,7.48,173.91,0.77,0.03,2157.18,0.00,0.00,11.25,12.05
1780693311,4827.61,3294.92,3072.00,22.11,7.48,173.91,0.77,0.03,2164.69,0.00,0.00,0.29,1.09
1780693326,4839.47,3306.78,3072.00,22.17,7.49,173.91,0.86,0.03,2169.19,0.00,0.00,11.91,12.80
1780693340,4838.37,3305.68,3072.00,22.11,7.49,174.05,0.77,0.03,2175.54,0.00,0.00,10.81,11.61
1780693357,4827.80,3295.11,3072.00,22.11,7.49,174.12,0.77,0.03,2183.11,0.00,0.00,0.29,1.09
1782326903,4617.70,3273.79,3072.00,1.11,7.46,173.72,0.29,0.00,102.76,0.00,0.00,2.51,2.80
1782326905,4615.38,3271.47,3072.00,1.11,7.46,173.72,0.29,0.00,102.93,0.00,0.00,0.19,0.48
1782326907,4615.73,3271.82,3072.00,1.11,7.47,173.72,0.29,0.00,103.20,0.00,0.00,0.54,0.83
1782326909,4615.73,3271.88,3072.00,1.11,7.47,173.72,0.29,0.00,103.47,0.00,0.00,0.54,0.83
1782326911,4615.90,3272.05,3072.00,1.11,7.47,173.72,0.29,0.00,104.26,0.00,0.00,0.69,0.98
1782326913,4615.90,3272.05,3072.00,1.11,7.48,173.72,0.29,0.00,104.84,0.00,0.00,0.69,0.98
1782326914,4615.91,3272.12,3072.00,1.11,7.48,173.72,0.29,0.00,105.49,0.00,0.00,0.69,0.98
1782327059,4620.89,3275.04,3072.00,1.18,7.46,173.72,0.29,0.00,105.68,0.00,0.00,3.69,3.98
1782327060,4618.88,3274.96,3072.00,1.10,7.46,173.72,0.29,0.00,106.04,0.00,0.00,3.69,3.98
1782327062,4618.89,3274.97,3072.00,1.10,7.47,173.72,0.29,0.00,106.25,0.00,0.00,3.69,3.98
1782327064,4615.88,3271.96,3072.00,1.10,7.47,173.72,0.29,0.00,106.56,0.00,0.00,0.68,0.97
1782327066,4615.89,3272.03,3072.00,1.10,7.47,173.72,0.29,0.00,106.94,0.00,0.00,0.68,0.97
1782327068,4615.62,3271.76,3072.00,1.10,7.48,173.72,0.29,0.00,107.57,0.00,0.00,0.40,0.69
1782327070,4615.68,3271.82,3072.00,1.10,7.48,173.72,0.30,0.00,108.04,0.00,0.00,0.46,0.76
1782327072,4615.69,3271.89,3072.00,1.10,7.48,173.72,0.30,0.00,108.61,0.00,0.00,0.46,0.76
1782327407,4828.99,3296.20,3072.00,22.96,7.46,173.76,0.67,0.00,335.57,0.00,0.00,1.40,2.07
1782327413,4842.36,3311.88,3072.00,22.94,7.54,173.77,0.68,0.05,1067.20,0.00,0.00,15.23,15.96
1782327425,4852.63,3320.25,3072.00,23.05,7.54,173.77,0.68,0.05,1401.26,0.00,0.00,5.11,5.84
1782327438,4842.22,3309.84,3072.00,23.05,7.55,173.77,0.68,0.05,1702.94,0.00,0.00,0.22,0.95
1782327451,4835.81,3305.33,3072.00,22.94,7.56,173.77,0.68,0.05,2029.81,0.00,0.00,8.63,9.36
1782327461,4827.54,3297.05,3072.00,22.94,7.56,173.79,0.80,0.04,2235.65,0.00,0.00,0.20,1.04
1782327472,4827.51,3297.03,3072.00,22.94,7.56,173.79,0.80,0.03,2240.96,0.00,0.00,0.20,1.03
1782327484,4834.89,3304.47,3072.00,22.94,7.57,173.79,0.80,0.03,2246.14,0.00,0.00,7.57,8.40
1782327500,4827.75,3297.39,3072.00,22.94,7.58,173.79,0.81,0.03,2251.87,0.00,0.00,0.19,1.03
1782327511,4834.97,3304.61,3072.00,22.94,7.58,173.79,0.81,0.03,2252.80,0.00,0.00,7.57,8.41
1782327524,4835.01,3304.65,3072.00,22.94,7.58,173.79,0.81,0.03,2256.44,0.00,0.00,7.66,8.50
1782327536,4834.98,3304.62,3072.00,22.94,7.58,173.79,0.81,0.03,2261.31,0.00,0.00,7.63,8.47
1782327549,4834.92,3304.62,3072.00,22.94,7.59,173.79,0.81,0.03,2313.66,0.00,0.00,7.57,8.41
1782327561,4835.24,3304.94,3072.00,22.94,7.59,173.79,0.81,0.03,2317.05,0.00,0.00,7.88,8.72
1782327578,4835.12,3304.82,3072.00,23.01,7.59,173.79,0.88,0.03,2318.59,0.00,0.00,7.57,8.48
1782327591,4834.96,3304.67,3072.00,22.95,7.59,173.79,0.81,0.03,2322.83,0.00,0.00,7.60,8.44
1782327608,4827.54,3297.25,3072.00,22.95,7.59,173.79,0.81,0.03,2325.30,0.00,0.00,0.20,1.04
1782327625,4827.56,3297.27,3072.00,22.95,7.59,173.79,0.81,0.03,2330.43,0.00,0.00,0.20,1.04
1782327634,4827.57,3297.28,3072.00,22.95,7.60,173.79,0.81,0.03,2352.22,0.00,0.00,0.20,1.04
1782327647,4834.97,3304.68,3072.00,22.95,7.60,173.79,0.81,0.03,2354.61,0.00,0.00,7.60,8.44
1782327664,4835.00,3304.78,3072.00,22.95,7.60,173.79,0.81,0.03,2354.82,0.00,0.00,7.63,8.47
1782327674,4827.55,3297.33,3072.00,22.95,7.60,173.79,0.81,0.03,2354.90,0.00,0.00,0.20,1.04
1782327686,4834.94,3304.72,3072.00,22.95,7.60,173.79,0.81,0.03,2357.65,0.00,0.00,7.57,8.41
1782327695,4827.57,3297.34,3072.00,22.95,7.60,173.79,0.81,0.03,2358.95,0.00,0.00,0.20,1.04
1782327705,4827.63,3297.41,3072.00,22.95,7.60,173.79,0.81,0.03,2375.10,0.00,0.00,0.20,1.04
1782327721,4835.77,3305.54,3072.00,23.01,7.61,173.79,0.88,0.03,2376.18,0.00,0.00,7.54,8.45
1782327732,4834.95,3304.73,3072.00,22.95,7.61,173.79,0.81,0.03,2376.61,0.00,0.00,7.57,8.41
1782327742,4834.95,3304.73,3072.00,22.95,7.61,173.79,0.81,0.03,2376.63,0.00,0.00,7.57,8.41
1782327757,4834.97,3304.74,3072.00,22.95,7.61,173.79,0.81,0.03,2376.66,0.00,0.00,7.60,8.44
1782327766,4827.56,3297.34,3072.00,22.95,7.61,173.79,0.81,0.03,2390.57,0.00,0.00,0.20,1.04
1782327781,4827.64,3297.42,3072.00,22.95,7.61,173.79,0.81,0.03,2391.09,0.00,0.00,0.26,1.10
1782327791,4827.71,3297.48,3072.00,22.95,7.61,173.79,0.81,0.03,2391.91,0.00,0.00,0.06,0.90
1782327805,4835.02,3304.79,3072.00,22.95,7.61,173.79,0.81,0.03,2395.85,0.00,0.00,7.63,8.47
1782327817,4827.59,3297.36,3072.00,22.95,7.61,173.79,0.81,0.03,2396.59,0.00,0.00,0.20,1.04
1782327833,4827.84,3297.68,3072.00,22.95,7.61,173.79,0.81,0.03,2401.61,0.00,0.00,0.45,1.29
1782327851,4827.59,3297.43,3072.00,22.95,7.61,173.79,0.81,0.03,2409.42,0.00,0.00,0.20,1.04
1782327865,4827.59,3297.43,3072.00,22.95,7.61,173.79,0.81,0.03,2411.49,0.00,0.00,0.20,1.04
1782327879,4827.59,3297.43,3072.00,22.95,7.61,173.79,0.81,0.03,2413.85,0.00,0.00,0.20,1.04
1782327895,4827.59,3297.43,3072.00,22.95,7.61,173.79,0.81,0.03,2416.84,0.00,0.00,0.20,1.04
1782327913,4834.97,3304.80,3072.00,22.95,7.62,173.79,0.81,0.03,2418.52,0.00,0.00,7.57,8.41
1782327925,4835.06,3304.90,3072.00,22.95,7.62,173.79,0.81,0.03,2421.09,0.00,0.00,7.66,8.50
1782327940,4827.60,3297.43,3072.00,22.95,7.62,173.79,0.81,0.03,2422.73,0.00,0.00,0.20,1.04
1782327960,4834.97,3304.80,3072.00,22.95,7.62,173.79,0.81,0.03,2425.51,0.00,0.00,7.57,8.41
1782327978,4835.16,3304.99,3072.00,22.95,7.62,173.79,0.81,0.03,2431.55,0.00,0.00,7.75,8.59
1782327987,4835.03,3304.87,3072.00,22.95,7.62,173.79,0.81,0.03,2432.12,0.00,0.00,7.63,8.47
1782328004,4834.92,3304.76,3072.00,22.95,7.62,173.79,0.81,0.03,2440.70,0.00,0.00,7.54,8.38
1782328013,4835.00,3304.84,3072.00,22.95,7.62,173.79,0.81,0.03,2443.45,0.00,0.00,7.60,8.44
1782328023,4834.97,3304.81,3072.00,22.95,7.62,173.79,0.81,0.03,2444.82,0.00,0.00,7.57,8.41
1782328038,4827.58,3297.42,3072.00,22.95,7.62,173.79,0.81,0.03,2445.29,0.00,0.00,0.20,1.04
1782328048,4827.68,3297.52,3072.00,22.95,7.62,173.79,0.81,0.03,2445.92,0.00,0.00,0.29,1.13
1782328062,4834.98,3304.82,3072.00,22.95,7.62,173.79,0.81,0.03,2450.48,0.00,0.00,7.57,8.41
1782328071,4827.98,3297.82,3072.00,22.95,7.62,173.79,0.81,0.03,2452.04,0.00,0.00,0.19,1.03
1782328081,4846.67,3316.50,3072.00,22.95,7.63,173.79,0.81,0.03,2462.45,0.00,0.00,18.84,19.68
1782328090,4827.65,3297.48,3072.00,22.95,7.63,173.79,0.81,0.03,2471.11,0.00,0.00,0.23,1.07
1782328105,4835.07,3304.90,3072.00,22.95,7.63,173.79,0.81,0.03,2474.12,0.00,0.00,7.63,8.47
1782328119,4827.64,3297.47,3072.00,22.95,7.64,173.79,0.81,0.03,2477.36,0.00,0.00,0.20,1.04
1782328131,4839.58,3309.41,3072.00,22.95,7.64,173.79,0.81,0.03,2481.18,0.00,0.00,12.13,12.97
1782328147,4835.02,3304.85,3072.00,22.95,7.64,173.79,0.81,0.03,2483.26,0.00,0.00,7.57,8.41
1782328156,4835.08,3304.92,3072.00,22.95,7.64,173.79,0.81,0.03,2483.26,0.00,0.00,7.63,8.47
1782328166,4827.63,3297.46,3072.00,22.95,7.64,173.79,0.81,0.03,2490.89,0.00,0.00,0.20,1.04
1782328179,4827.64,3297.48,3072.00,22.95,7.64,173.79,0.81,0.03,2494.67,0.00,0.00,0.20,1.04
1782328201,4827.65,3297.48,3072.00,22.95,7.65,173.79,0.81,0.03,2495.31,0.00,0.00,0.20,1.04
1782328213,4835.02,3304.86,3072.00,22.95,7.65,173.79,0.81,0.03,2495.56,0.00,0.00,7.57,8.41
1782328225,4827.65,3297.48,3072.00,22.95,7.65,173.79,0.81,0.03,2495.59,0.00,0.00,0.20,1.04
